Last login: Fri Apr 10 15:24:05 on ttys002
~ → cd Documents/reinforce/
~/Documents/reinforce → python sensor.py 
[3 3 0] [ 2.  2.  1.  0.  0.  2.  1.  2.] [2 3 0] [18 17 28 17 23 26 13 23 22 27 21 19 19 19 19 13 16 17 18 24 16 18 17 19]
[2 3 0] [ 2.  1.  2.  1.  1.  1.  1.  0.] [2 2 0] [16 13 22 18 33 25 14 26 27 20 23 20 15 29 18 15 17 15 15 18 16 15 11 15]
[2 2 0] [ 2.  1.  2.  1.  1.  1.  0.  2.] [2 1 0] [16 17 37 17 46 23 14 30 39 18 31 17 17 39 16 14 19 16 20 18 20 14 12 18]
[2 1 0] [ 2.  1.  2.  1.  1.  1.  2.  2.] [2 0 0] [18 21 39 22 56 41 14 46 47 20 45 22 22 53 20 16 21 20 20 18 23 15 12 16]
[2 0 0] [ 2.  1.  1.  1.  1.  2.  2.  2.] [1 0 0] [17 16 51 17 55 36 13 59 41 22 42 18 14 44 21 20 21 22 19 18 24 16 15 21]
[0 1 0] [ 2.  1.  1.  1.  1.  2.  1.  2.] [0 1 0] [19 19 36 18 46 43 14 47 42 20 42 17 17 48 20 18 17 23 17 18 18 15 15 19]
[0 0 1] [ 2.  2.  1.  1.  1.  1.  1.  1.] [0 0 1] [11  8 19 13 18 24  6 19 17 12 23 12  9 18 15 14 19 11  7 14 12 13 14 13]
[0 0 1] [ 2.  1.  2.  1.  2.  1.  1.  2.] [0 0 1] [15  9 16 12 19 19  7 16 17 13 20 16 10 15 24 16 25 12 11 20 13 11 12 13]
[0 0 1] [ 2.  2.  2.  2.  2.  1.  1.  1.] [0 0 0] [13 11 16 12 14 19  9 18 21 13 19 27 13 18 33 17 45 11 11 32 11 15 19 13]
9
[3 3 0] [ 2.  1.  1.  1.  1.  1.  1.  2.] [2 3 0] [14 15 54 15 54 54  9 55 53 20 47 13 13 46 20  9 17 14 17 19 13 12 12 15]
[2 3 0] [ 2.  1.  1.  1.  1.  1.  1.  2.] [1 3 0] [ 9  8 56  8 75 52  7 59 51  9 50 10  7 59 11 10 11  7 11 12 12  7  7 10]
[1 0 3] [ 2.  1.  1.  2.  1.  1.  1.  1.] [1 0 3] [15  7 35 10 25 15 10 32 19 17 18 19  8 25 25 10 31 14 17 22 18  8 12 11]
[0 1 3] [ 2.  2.  2.  1.  1.  1.  1.  1.] [0 0 3] [11 12 30 14 26 40 11 31 41 14 37 28 14 50 27 10 32 18 14 35 15 11 14 13]
[0 0 3] [ 2.  2.  2.  2.  2.  1.  1.  2.] [0 0 3] [ 6  6 23  6 11 19  4 21 28  7 19 39  4 24 39  6 47  9  6 45  9  4  6  9]
[0 0 3] [ 2.  2.  2.  2.  2.  1.  1.  2.] [0 0 3] [ 7  5 23  9 11 19  7 18 21  7 20 59  5 28 62  7 71  9  6 60  9  4  8  9]
[0 0 3] [ 2.  2.  1.  2.  2.  1.  1.  0.] [0 0 3] [ 2  2  7  0  5  8  1  9  9  3  8 57  0  9 59  2 76  4  2 59  3  3  3  3]
[0 3 0] [ 2.  2.  2.  1.  1.  1.  1.  1.] [0 2 0] [ 9  9 52  9 54 72  8 56 69  8 66 31  7 77 29  7 36  8  9 37 12  7  9  8]
[0 0 2] [ 2.  2.  2.  2.  2.  1.  1.  2.] [0 0 2] [ 7  6  9  9 10 16  3 15 16  5 17 47  8 20 53  5 64  7  7 51  8  6  6  8]
[0 0 2] [ 2.  2.  1.  2.  2.  1.  1.  2.] [0 0 2] [12 10 19 14 19 24  6 22 22 12 25 77  7 23 73  9 87 10 10 71 10 12 10 14]
[0 0 2] [ 0.  2.  1.  2.  2.  1.  1.  1.] [0 0 1] [ 8  6  8  5  8 16  3 14 14  5 14 79  4 17 86  5 86  5  6 75  7  6  8  8]
[0 0 1] [ 2.  2.  2.  2.  2.  1.  1.  2.] [0 0 1] [ 4  4  7  4  5 14  2  6  8  3 18 82  1 11 93  5 99  4  5 88  5  4  5  7]
[0 0 1] [ 2.  2.  2.  2.  2.  1.  1.  1.] [0 0 0] [  5   3   8   3   7  13   2   5  10   3  13  99   3  10 100   4 111   4
   3 100   2   4   5   5]
13
[3 0 3] [ 2.  1.  1.  2.  2.  1.  1.  1.] [3 0 2] [ 6  4 22  3 17 11  4 21 11  7 12 69  5 12 72  2 81  6  6 72  6  3  7  6]
[0 3 2] [ 2.  2.  2.  2.  2.  1.  1.  2.] [0 2 2] [ 7  6 17 10 18 35  5 17 35  5 27 69  6 39 72  5 75  4  8 66  5  7  4  8]
[2 0 2] [ 2.  1.  1.  2.  2.  1.  1.  0.] [2 0 2] [11 11 43 13 48 20  8 51 22  9 24 88  7 27 81  8 97 10 12 83 15  9  8  9]
[2 2 0] [ 2.  1.  1.  1.  1.  1.  1.  2.] [1 2 0] [ 2  2 56  1 68 43  1 52 50  2 43 16  2 56  9  1 12  2  2  9  4  1  2  3]
[1 2 0] [ 2.  1.  2.  1.  1.  1.  1.  2.] [1 1 0] [10  6 59  5 64 47  5 57 67  6 61 24  6 68 17  5 23  6 12 19  9  6  7 10]
[1 0 1] [ 2.  1.  1.  2.  2.  1.  1.  1.] [1 0 0] [12  7 43 10 37 18  5 39 20 10 24 93  7 21 82  9 96  8 14 93 11 11 12 11]
[1 0 0] [ 2.  1.  1.  2.  2.  1.  1.  1.] [1 0 0] [ 3  1 70  2 65 30  2 70 39  5 36 60  2 42 53  4 62  2  5 52  4  1  3  3]
[0 1 0] [ 2.  2.  2.  1.  1.  1.  1.  0.] [0 0 0] [ 1  2 30  0 34 63  1 34 68  0 62 39  1 73 40  0 42  3  1 42  2  2  1  1]
8
[0 3 3] [ 2.  2.  2.  2.  2.  1.  1.  1.] [0 2 2] [ 4  1 16  2 15 50  1 15 56  4 41 88  1 57 72  2 92  1  5 95  4  3  4  3]
[0 2 2] [ 2.  2.  2.  2.  2.  1.  1.  0.] [0 1 2] [ 5  3 17  5 24 37  3 17 45  4 42 89  6 49 88  1 93  5  5 90 10  5  4  3]
[1 0 2] [ 2.  1.  1.  2.  2.  1.  1.  2.] [1 0 2] [  9   7  69  10  57  21   6  61  19  10  18  98   8  23  89   6 105  10
  13  93  12  10   7  11]
[1 0 2] [ 2.  1.  1.  2.  2.  1.  1.  2.] [1 0 2] [  8   4  69   6  61  14   4  73  14   6  15 101   5  16 103   5 110   9
  11 102   8   4   8   9]
[0 1 2] [ 2.  2.  2.  2.  2.  1.  1.  2.] [0 0 2] [  8  10  25   8  23  66   4  28  65   5  69 110   6  75 111   2 112   6
   6 108   9   3   6   7]
[0 2 0] [ 2.  2.  2.  1.  1.  1.  1.  2.] [0 1 0] [ 3  1 32  2 37 72  2 27 85  1 77 52  1 87 47  1 51  2  1 51  3  2  1  3]
[0 1 0] [ 2.  2.  2.  1.  1.  1.  1.  2.] [0 0 0] [  0   1  19   3  20 111   0  15 108   2 110  54   3 112  51   1  53   1
   1  52   3   1   1   3]
7
[3 0 3] [ 2.  1.  1.  2.  2.  1.  1.  1.] [3 0 2] [ 0  1 44  0 30 11  0 42 10  3  9 82  0  9 90  0 91  1  1 85  0  0  2  0]
[3 2 0] [ 2.  2.  2.  1.  1.  1.  1.  2.] [2 1 0] [ 2  3 70  2 62 74  2 57 77  3 81 11  2 83 11  1 11  1  1 13  3  1  2  4]
[2 1 0] [ 2.  2.  2.  1.  1.  1.  1.  2.] [1 0 0] [ 2  2 51  2 72 83  1 58 94  1 92  4  1 99  3  1  3  1  2  3  2  0  0  1]
[1 0 0] [ 2.  1.  1.  1.  1.  1.  1.  2.] [0 0 0] [ 1  1 83  0 87 33  1 84 46  2 50 49  1 49 49  2 50  1  2 48  1  1  1  2]
4
[0 3 3] [ 2.  2.  2.  2.  2.  1.  1.  0.] [0 2 3] [  1   0  15   1  16  77   0  15  82   2  71  98   1  77  98   0 109   0
   2 108   0   1   1   1]
[0 2 3] [ 2.  2.  2.  2.  2.  1.  1.  0.] [0 1 3] [ 0  0  6  0  4 53  0  2 70  0 57 81  0 72 75  0 84  0  0 86  0  0  0  0]
[1 3 0] [ 2.  1.  1.  1.  1.  1.  1.  1.] [0 3 0] [ 4  2 96  3 99 93  2 99 99  6 96 37  4 99 31  4 42  2  8 39  6  2  5  5]
[0 0 3] [ 2.  2.  2.  2.  2.  1.  1.  1.] [0 0 2] [  0   1  32   1  21  55   0  29  63   1  55 144   0  56 130   0 135   1
   1 135   2   0   1   1]
[0 0 2] [ 2.  2.  2.  2.  2.  1.  1.  2.] [0 0 2] [  2   3  27   3  24  40   2  28  36   2  31 139   2  38 137   1 141   4
   1 138   4   1   3   4]
[0 0 2] [ 2.  2.  2.  2.  2.  1.  1.  1.] [0 0 1] [  2   2  21   3  17  23   2  20  22   2  18 136   3  19 134   3 140   3
   3 130   3   1   3   2]
[0 1 0] [ 2.  2.  2.  1.  1.  1.  1.  1.] [0 0 0] [  2   2  20   2  27 116   1  24 116   1 119  50   1 123  52   1  52   1
   2  54   4   0   2   2]
7
[3 0 3] [ 2.  1.  1.  2.  2.  1.  1.  2.] [3 0 3] [  2   3  71   2  53  27   2  61  25   5  28 107   3  26 109   2 112   3
   4 110   3   1   1   3]
[3 0 3] [ 2.  1.  1.  2.  2.  1.  1.  2.] [3 0 3] [  5   4  92   3  77  23   5  82  27   8  25 125   2  23 126   3 127   3
   4 124   4   3   6   7]
[0 3 3] [ 2.  2.  2.  2.  2.  1.  1.  0.] [0 2 3] [  3   2  29   3  20  98   3  20 103   3  88 129   3  97 125   2 128   3
   3 132   3   3   3   3]
[2 0 3] [ 2.  1.  1.  2.  2.  1.  1.  2.] [2 0 3] [  3   2  67   2  72  15   3  79  21   3  19 120   2  21 108   1 116   2
   2 118   3   2   2   3]
[0 2 3] [ 2.  2.  2.  2.  2.  1.  1.  0.] [0 1 3] [  1   1  14   0  16  85   0  10 102   0  89 122   0  93 117   0 125   0
   2 130   2   2   0   0]
[0 1 3] [ 2.  2.  2.  2.  2.  1.  1.  0.] [0 0 3] [  1   1   4   2   7 111   1   7 121   1 111 131   1 110 121   1 134   1
   1 136   1   1   1   0]
[0 0 3] [ 2.  2.  2.  2.  2.  1.  1.  0.] [0 0 3] [  0   0  24   0  17  56   0  22  67   0  56 150   0  60 148   0 148   0
   0 156   0   0   0   0]
[0 0 3] [ 2.  2.  2.  2.  2.  1.  1.  0.] [0 0 3] [  2   2  17   2  13  38   2  17  45   3  34 145   1  37 144   2 142   2
   2 145   3   2   2   2]
[0 0 3] [ 2.  2.  2.  2.  2.  1.  1.  0.] [0 0 3] [  1   0  16   0  12  30   0  16  34   0  30 148   0  30 151   0 150   0
   0 150   0   0   0   0]
[0 0 3] [ 2.  2.  2.  2.  2.  1.  1.  0.] [0 0 3] [  1   1  16   1  10  23   1  13  33   1  25 152   1  27 155   1 155   1
   1 150   1   1   1   1]
[0 0 3] [ 2.  2.  2.  2.  2.  1.  1.  2.] [0 0 3] [  0   0  12   0   8  25   0   9  23   1  18 164   0  19 161   0 161   0
   0 163   0   0   0   1]
[0 0 3] [ 2.  2.  2.  2.  2.  1.  1.  1.] [0 0 2] [  1   3  17   2  15  28   1  17  26   3  25 161   1  28 155   2 155   2
   1 156   4   1   2   2]
[0 0 2] [ 2.  1.  1.  2.  2.  1.  1.  0.] [0 0 2] [  1   2  12   2  15  14   1  14  11   2  12 139   1  10 137   2 137   2
   2 136   2   2   2   2]
[0 0 2] [ 2.  2.  1.  2.  2.  1.  1.  1.] [0 0 1] [  0   0   9   0   8   9   0   9   6   0   7 154   0   8 154   0 157   0
   1 154   1   0   1   0]
[0 1 0] [ 2.  2.  2.  1.  1.  1.  1.  0.] [0 0 0] [  2   0  17   1  20 120   1  15 123   1 119  77   0 120  77   1  75   0
   0  76   1   1   0   0]
15
[3 3 0] [ 2.  2.  2.  1.  1.  1.  1.  2.] [2 2 0] [  4   5  94   4 101 114   3  92 121   5 113  32   5 119  41   4  38   4
   5  43   6   3   5   6]
[2 2 0] [ 2.  1.  2.  1.  1.  1.  1.  0.] [2 1 0] [  0   0  88   0 101  99   0  90 108   0  99   7   0 108   6   0   4   0
   0   5   0   0   0   0]
[2 1 0] [ 2.  2.  2.  1.  1.  1.  1.  2.] [1 0 0] [  1   1  88   1 108 120   0  93 125   1 129   7   0 125   7   1  10   0
   0   8   1   0   0   1]
[0 1 0] [ 2.  2.  2.  1.  1.  1.  1.  2.] [0 0 0] [  2   1  32   1  40 134   1  34 146   1 144  45   1 135  47   1  42   2
   1  42   2   1   1   2]
4
[3 3 0] [ 2.  2.  2.  1.  1.  1.  1.  0.] [2 2 0] [  2   1 106   1 103 125   1 105 122   2 120  12   1 121  10   1  12   1
   2  16   1   2   2   2]
[2 2 0] [ 2.  2.  2.  1.  1.  1.  1.  2.] [1 1 0] [  3   1 109   2 116 127   2 120 127   4 134   6   1 129   6   1   5   1
   3   5   5   1   3   4]
[1 1 0] [ 2.  2.  2.  1.  1.  1.  1.  2.] [0 0 0] [  4   3 100   4  91 122   2  88 129   5 121  10   3 127  10   3  12   3
   6  10   4   2   3   5]
3
[0 3 3] [ 2.  2.  2.  2.  2.  1.  1.  0.] [0 2 3] [  0   1  12   1  16 107   0  13 108   1  94 136   0 107 130   0 129   0
   1 137   1   1   1   0]
[0 2 3] [ 2.  2.  2.  2.  2.  1.  1.  0.] [0 1 3] [  2   1  15   2  16 105   1  13 121   3 107 147   2 111 138   0 143   1
   2 144   3   1   1   0]
[1 3 0] [ 2.  1.  2.  1.  1.  1.  1.  0.] [1 2 0] [  1   0 119   1 127 121   0 120 128   2 125  23   0 122  20   1  29   0
   2  26   1   2   1   2]
[1 2 0] [ 2.  2.  2.  1.  1.  1.  1.  1.] [0 1 0] [  1   0 130   0 123 126   0 124 137   0 135  11   0 140   9   0  14   0
   1  10   2   0   1   1]
[0 0 1] [ 2.  2.  2.  2.  2.  1.  1.  1.] [0 0 0] [  1   0   6   0   7  20   0   4  17   0  22 134   0  18 129   1 132   1
   0 135   0   0   2   1]
5
[0 3 3] [ 2.  2.  2.  2.  2.  1.  1.  0.] [0 2 3] [  2   1  28   2  30 122   0  27 127   2 123 151   1 120 144   0 151   2
   2 158   2   2   1   2]
[2 0 3] [ 2.  1.  1.  2.  2.  1.  1.  0.] [2 0 3] [  0   0  62   0  63  27   0  67  31   0  30 122   0  32 123   0 125   0
   1 125   0   0   0   0]
[2 0 3] [ 2.  1.  1.  2.  2.  1.  1.  0.] [2 0 3] [  1   1  76   2  82  27   1  87  36   0  29 129   0  37 133   1 129   1
   1 130   1   1   1   1]
[2 0 3] [ 2.  1.  1.  2.  2.  1.  1.  2.] [2 0 3] [  6   6 106   6 114  32   5 113  39   5  39 145   4  42 144   5 146   6
   8 147  10   4   6   7]
[2 0 3] [ 2.  1.  1.  2.  2.  1.  1.  1.] [2 0 2] [  2   3  89   3  99  14   2  99  16   3  14 136   1  14 127   3 140   3
   3 133   3   2   3   3]
[2 2 0] [ 2.  1.  2.  1.  1.  1.  1.  0.] [2 1 0] [  1   0 115   1 115 109   1 118 124   1 115   8   1 119   6   1   7   1
   1   6   2   1   1   1]
[2 1 0] [ 2.  2.  2.  1.  1.  1.  1.  1.] [1 0 0] [  4   2 126   2 134 141   1 131 149   3 147  15   2 145  13   2  13   2
   3  14   5   1   2   2]
[0 1 0] [ 2.  2.  2.  1.  1.  1.  1.  1.] [0 0 0] [  1   3  40   2  44 151   1  41 151   2 149  41   2 153  46   2  43   2
   2  42   2   1   2   2]
8
[3 0 3] [ 2.  1.  1.  2.  2.  1.  1.  0.] [3 0 3] [  0   0 107   0 100  22   0 105  25   1  20 142   0  23 136   0 139   0
   0 148   0   0   0   0]
[3 0 3] [ 2.  1.  1.  2.  2.  1.  1.  2.] [3 0 3] [  0   0 116   0 113  21   0 113  21   0  19 134   0  21 137   0 136   0
   0 142   0   0   0   1]
[3 3 0] [ 2.  2.  1.  1.  1.  1.  1.  0.] [2 3 0] [  1   0 135   0 133 142   0 136 136   1 146  38   0 144  35   0  40   0
   0  34   0   0   0   0]
[2 3 0] [ 2.  1.  2.  1.  1.  1.  1.  2.] [2 2 0] [  3   3 147   3 147 146   1 146 148   3 150  28   4 145  24   2  26   2
   4  26   3   2   2   4]
[2 2 0] [ 2.  1.  2.  1.  1.  1.  1.  2.] [2 1 0] [  1   1 134   0 139 138   1 131 138   1 137  12   0 140  10   0  10   1
   2  12   4   1   1   2]
[2 1 0] [ 2.  2.  2.  1.  1.  1.  1.  0.] [1 0 0] [  1   1 127   1 131 156   1 136 141   0 149   3   1 146   3   0   3   1
   1   3   2   1   1   1]
[1 0 0] [ 2.  1.  1.  1.  1.  1.  1.  1.] [0 0 0] [  5   3 143   3 134  82   3 143  85   4  87  36   2  81  37   4  37   2
   4  33   5   2   4   4]
7
[3 3 0] [ 2.  2.  1.  1.  1.  1.  1.  2.] [2 3 0] [  0   0 138   0 130 144   0 136 136   0 140  15   0 140  19   0  20   0
   0  21   0   0   0   1]
[2 3 0] [ 2.  1.  2.  1.  1.  1.  1.  0.] [2 2 0] [  0   0 144   0 148 144   0 143 144   0 143   6   0 146   6   0   7   0
   0   9   0   0   0   0]
[2 2 0] [ 2.  1.  2.  1.  1.  1.  1.  0.] [2 1 0] [  0   0 133   0 136 133   0 131 142   1 132   3   0 139   3   0   2   0
   0   2   1   0   0   0]
[2 0 1] [ 2.  1.  1.  2.  2.  1.  1.  0.] [2 0 1] [  0   0  93   0 101  13   0  97   6   0  13  97   0   7  91   0  95   0
   0  91   0   0   0   0]
[2 1 0] [ 2.  2.  2.  1.  1.  1.  1.  1.] [1 0 0] [  2   1 130   2 138 148   0 137 148   1 151   7   0 144   9   1   9   2
   1  10   1   0   2   1]
[0 1 0] [ 2.  2.  2.  1.  1.  1.  1.  0.] [0 0 0] [  0   0  67   0  60 157   0  67 161   0 157  42   0 159  41   0  42   0
   0  39   0   0   0   0]
6
[0 3 3] [ 2.  2.  2.  2.  2.  1.  1.  0.] [0 2 3] [  1   1  59   1  59 138   1  57 144   2 129 153   1 136 144   1 150   1
   2 153   2   1   1   1]
[0 2 3] [ 2.  2.  2.  2.  2.  1.  1.  0.] [0 1 3] [  1   1  39   1  38 127   2  37 138   1 130 147   2 129 144   0 148   1
   1 146   3   2   1   2]
[0 1 3] [ 2.  2.  2.  1.  1.  1.  1.  0.] [0 0 3] [  2   2  19   2  23 149   0  24 151   1 144 138   1 152 142   0 142   0
   2 145   2   1   1   0]
[0 3 0] [ 2.  2.  2.  1.  1.  1.  1.  2.] [0 2 0] [  1   0  60   0  61 153   0  57 154   0 147  79   0 154  77   0  76   0
   0  81   1   0   0   1]
[0 0 2] [ 2.  2.  2.  2.  2.  1.  1.  1.] [0 0 1] [  1   1  15   1  12  58   1  17  54   0  57 154   1  63 158   0 154   2
   1 150   2   1   2   1]
[0 1 0] [ 2.  2.  2.  1.  1.  1.  1.  0.] [0 0 0] [  1   0  28   0  28 164   0  29 172   0 168  59   0 170  55   0  55   1
   0  58   1   0   0   0]
6
[3 3 0] [ 2.  2.  2.  1.  1.  1.  1.  1.] [2 2 0] [  1   1 127   1 135 148   0 133 149   1 151  25   1 151  26   0  30   0
   1  29   1   0   1   1]
[2 0 2] [ 2.  1.  1.  2.  2.  1.  1.  0.] [2 0 2] [  3   2 108   2 105  30   1 102  22   1  27 117   1  32 122   1 112   2
   2 109   4   3   3   2]
[2 0 2] [ 2.  1.  1.  2.  2.  1.  1.  2.] [2 0 2] [  3   4 115   3 111  37   3 112  30   1  28 123   2  38 120   3 120   3
   4 115   4   3   3   4]
[2 0 2] [ 2.  1.  1.  2.  2.  1.  1.  2.] [2 0 2] [  0   0 118   1 122  10   0 124   7   0   9 134   0  10 117   0 123   0
   0 124   0   0   0   1]
[2 0 2] [ 2.  1.  1.  2.  2.  1.  1.  0.] [2 0 2] [  0   0 119   1 118  16   0 127  12   1  13 132   0  18 138   1 128   0
   0 126   2   1   0   0]
[0 2 2] [ 2.  2.  2.  2.  2.  1.  1.  2.] [0 1 2] [  0   0  18   0  22 102   0  16 112   0  97 123   0 103 128   0 125   0
   0 127   2   0   0   1]
[1 0 2] [ 2.  1.  1.  2.  2.  1.  1.  2.] [1 0 2] [  3   1 122   1 119  15   0 119  16   1  15 125   1  15 130   1 125   1
   2 127   1   0   1   2]
[0 1 2] [ 2.  2.  2.  1.  1.  1.  1.  0.] [0 0 2] [  3   4  21   3  24 148   1  25 146   1 144 136   3 142 135   0 136   2
   2 140   2   2   2   2]
[0 0 2] [ 2.  2.  2.  2.  2.  1.  1.  0.] [0 0 2] [  0   0  25   0  20  58   0  23  49   0  50 163   0  60 160   0 159   0
   0 161   0   0   0   0]
[0 2 0] [ 2.  2.  2.  1.  1.  1.  1.  1.] [0 1 0] [  1   0  46   0  42 151   0  39 154   0 143  60   0 145  57   0  59   0
   0  56   1   0   1   1]
[0 0 1] [ 2.  2.  2.  2.  2.  1.  1.  0.] [0 0 1] [  0   0   9   0  11  48   0   7  53   0  50 141   0  45 143   0 146   0
   0 142   0   0   0   0]
[0 1 0] [ 2.  2.  2.  1.  1.  1.  1.  0.] [0 0 0] [  0   0  20   0  23 164   0  21 167   0 164  52   0 172  52   0  47   0
   0  46   0   0   0   0]
12
[3 0 3] [ 2.  1.  1.  2.  2.  1.  1.  1.] [3 0 2] [  1   1 122   1 121  67   1 123  68   3  68 143   2  63 139   1 138   1
   2 141   2   1   2   2]
[3 2 0] [ 2.  2.  2.  1.  1.  1.  1.  2.] [2 1 0] [  2   0 131   0 132 141   0 129 148   1 142  31   1 137  31   0  29   0
   0  30   1   0   0   1]
[2 0 1] [ 2.  1.  1.  2.  2.  1.  1.  1.] [2 0 0] [  4   2 119   2 130  40   1 123  38   3  46 127   2  38 121   4 130   2
   5 137   4   3   4   3]
[2 0 0] [ 2.  1.  1.  1.  1.  1.  1.  0.] [1 0 0] [  0   0 141   0 138  78   0 141  75   0  80  51   0  71  47   0  48   0
   0  52   0   0   0   0]
[0 1 0] [ 2.  2.  2.  1.  1.  1.  1.  0.] [0 0 0] [  0   0  46   0  40 164   0  40 155   0 162  54   0 161  57   0  50   0
   0  57   0   0   0   0]
5
[0 3 3] [ 2.  2.  2.  2.  2.  1.  1.  0.] [0 2 3] [  0   0  34   0  33 149   0  34 162   0 146 153   0 151 158   0 156   0
   0 155   0   0   0   0]
[0 2 3] [ 2.  2.  2.  1.  1.  1.  1.  0.] [0 1 3] [  0   0  15   1  16 143   0  11 151   1 150 148   0 154 152   0 153   0
   0 155   2   0   0   0]
[0 1 3] [ 2.  2.  2.  2.  1.  1.  1.  0.] [0 0 3] [  0   0   4   0   5 155   0   4 161   0 155 158   0 162 147   0 145   0
   0 159   0   0   0   0]
[0 0 3] [ 2.  2.  2.  2.  2.  1.  1.  0.] [0 0 3] [  0   0  21   0  24  92   0  24 101   0  92 156   0  95 152   0 154   0
   0 159   0   0   0   0]
[0 0 3] [ 2.  2.  2.  2.  2.  1.  1.  0.] [0 0 3] [  0   0  10   0  14  68   0  13  82   0  67 156   0  61 145   0 151   0
   0 156   0   0   0   0]
[0 0 3] [ 2.  2.  2.  2.  2.  1.  1.  0.] [0 0 3] [  0   0  20   0  22  72   0  22  77   0  64 154   0  62 159   0 150   0
   0 153   0   0   0   0]
[0 0 3] [ 2.  2.  2.  2.  2.  1.  1.  0.] [0 0 3] [  0   0  14   0  13  51   0  13  57   0  46 154   0  42 156   0 158   0
   0 163   0   0   0   0]
[0 3 0] [ 2.  2.  2.  1.  1.  1.  1.  0.] [0 2 0] [  0   0  56   0  58 166   0  55 160   0 152  76   0 157  71   0  71   0
   0  75   0   0   0   0]
[0 0 2] [ 2.  2.  2.  2.  2.  1.  1.  1.] [0 0 1] [  1   2  24   2  20  52   1  22  48   0  49 151   1  56 155   0 154   3
   2 151   2   1   3   3]
[0 0 1] [ 2.  2.  2.  2.  2.  1.  1.  1.] [0 0 0] [  0   0  10   0  10  28   0   9  35   0  33 157   0  30 149   0 151   0
   1 160   0   0   1   0]
10
[3 0 3] [ 2.  1.  1.  2.  2.  1.  1.  0.] [3 0 3] [  0   0 117   0 114  47   0 115  47   0  43 136   0  38 139   0 127   0
   0 138   0   0   0   0]
[3 0 3] [ 2.  1.  1.  2.  2.  1.  1.  0.] [3 0 3] [  1   0 136   0 130  44   0 134  50   0  42 148   0  41 149   0 144   0
   0 146   0   0   0   0]
[3 3 0] [ 2.  2.  1.  1.  1.  1.  1.  0.] [2 3 0] [  1   0 146   0 144 148   0 148 137   0 145  30   0 147  33   0  30   0
   1  34   0   1   0   0]
[2 3 0] [ 2.  1.  1.  1.  1.  1.  1.  0.] [1 3 0] [  0   0 150   0 147 144   0 145 141   0 144  35   0 147  29   0  27   0
   1  31   1   0   0   0]
[1 3 0] [ 2.  1.  2.  1.  1.  1.  1.  1.] [1 2 0] [  1   1 158   1 151 151   1 147 151   1 151  19   1 148  22   1  23   1
   2  23   2   1   2   1]
[1 0 2] [ 2.  1.  1.  2.  2.  1.  1.  0.] [1 0 2] [  0   0 114   1 115   6   0 113   4   0   4 130   0   5 126   0 133   0
   0 126   0   0   0   0]
[1 0 2] [ 2.  1.  1.  2.  2.  1.  1.  0.] [1 0 2] [  1   1 116   1 116   7   1 113   8   1   8 125   1   8 126   1 128   1
   2 126   2   1   1   1]
[0 1 2] [ 2.  2.  2.  2.  2.  1.  1.  0.] [0 0 2] [  0   0   4   0   3 141   0   4 136   1 136 153   0 139 142   0 147   0
   0 149   0   0   0   0]
[0 0 2] [ 2.  2.  2.  2.  2.  1.  1.  0.] [0 0 2] [  0   0  13   0  11  35   0  10  35   0  30 158   0  38 154   0 162   0
   0 156   0   0   0   0]
[0 0 2] [ 2.  2.  2.  2.  2.  1.  1.  2.] [0 0 2] [  1   1  26   1  25  30   1  26  28   1  25 162   1  36 157   1 158   1
   1 163   1   0   1   2]
[0 0 2] [ 2.  2.  2.  2.  2.  1.  1.  0.] [0 0 2] [  0   0  14   0  12  26   0  14  26   0  20 169   0  33 162   0 161   0
   0 165   0   0   0   0]
[0 0 2] [ 2.  2.  2.  2.  2.  1.  1.  0.] [0 0 2] [  0   0   7   0  10  15   0   8  16   0  18 160   0  19 153   0 158   0
   0 157   0   0   0   0]
[0 0 2] [ 2.  2.  2.  2.  2.  1.  1.  1.] [0 0 1] [  0   1   7   0   8  25   0   6  24   0  23 164   0  23 164   1 163   1
   1 157   0   0   1   1]
[0 0 1] [ 2.  1.  1.  2.  2.  1.  1.  2.] [0 0 1] [  0   0  17   0  19  17   0  16  16   0  20 150   0  17 143   0 152   0
   0 146   0   0   0   1]
[0 0 1] [ 2.  1.  1.  2.  2.  1.  1.  0.] [0 0 1] [  1   0  10   0   9   4   0   9   5   0   5 155   0   2 154   0 158   0
   0 157   0   0   0   0]
[0 0 1] [ 2.  1.  2.  2.  2.  1.  1.  0.] [0 0 1] [  0   0   5   0   8   6   0   3   7   0   7 160   0   5 160   0 154   0
   0 150   0   0   0   0]
[0 1 0] [ 2.  2.  2.  1.  1.  1.  1.  0.] [0 0 0] [  0   0  17   0  17 165   0  17 162   0 167  66   0 165  60   0  68   0
   0  66   0   0   0   0]
17
[3 0 3] [ 2.  1.  1.  2.  2.  1.  1.  2.] [3 0 3] [  0   0 141   0 136  46   0 137  45   0  41 146   0  42 145   0 142   0
   0 145   0   0   0   1]
[3 3 0] [ 2.  2.  2.  1.  1.  1.  1.  1.] [2 2 0] [  1   0 153   0 153 159   0 150 157   1 156  41   0 155  37   0  44   0
   0  49   0   0   1   1]
[2 0 2] [ 2.  1.  1.  2.  2.  1.  1.  0.] [2 0 2] [  0   0 125   0 127   8   0 125   7   0  10 139   0   8 136   0 138   0
   0 145   0   0   0   0]
[2 0 2] [ 2.  1.  1.  2.  2.  1.  1.  2.] [2 0 2] [  1   1 134   2 132  14   1 137  11   1  13 145   1  17 146   1 142   0
   1 146   1   0   1   2]
[2 0 2] [ 2.  1.  1.  2.  2.  1.  1.  0.] [2 0 2] [  1   1 127   0 137   7   0 128   6   0   7 133   0  11 130   0 127   0
   1 133   1   1   0   0]
[0 2 2] [ 2.  2.  2.  2.  2.  1.  1.  0.] [0 1 2] [  0   0   6   0   8 127   0   3 125   0 124 141   0 126 143   0 139   1
   0 154   0   0   0   0]
[1 0 2] [ 2.  1.  1.  2.  2.  1.  1.  2.] [1 0 2] [  2   1 136   3 130  24   1 127  19   2  23 144   1  25 144   1 144   2
   3 147   2   1   1   3]
[1 0 2] [ 2.  1.  1.  2.  2.  1.  1.  2.] [1 0 2] [  0   0 136   0 130   9   0 137   7   1   5 148   0   9 139   1 140   0
   1 144   0   0   0   1]
[1 0 2] [ 2.  1.  1.  2.  2.  1.  1.  1.] [1 0 1] [  1   1 142   2 145  11   1 146   9   2  10 151   1  10 145   1 154   2
   4 155   2   1   2   1]
[1 1 0] [ 2.  2.  2.  1.  1.  1.  1.  0.] [0 0 0] [  0   0 154   0 147 153   0 149 163   0 160  45   0 156  51   0  51   1
   0  49   1   1   0   0]
10
[3 0 3] [ 2.  1.  1.  2.  2.  1.  1.  0.] [3 0 3] [  0   0 135   0 136  38   0 137  39   0  36 137   0  37 136   0 138   0
   1 141   0   0   0   0]
[3 0 3] [ 2.  1.  1.  2.  2.  1.  1.  1.] [3 0 2] [  1   0 156   0 156  58   1 154  52   2  57 151   1  59 147   0 151   1
   1 154   1   0   1   1]
[3 0 2] [ 2.  1.  1.  2.  2.  1.  1.  0.] [3 0 2] [  0   0 139   0 139  16   0 139  13   1  13 141   0  13 132   0 139   0
   0 138   0   1   1   0]
[0 3 2] [ 2.  2.  2.  2.  2.  1.  1.  0.] [0 2 2] [  0   0  36   0  41 140   0  39 141   0 132 152   0 134 144   0 150   0
   0 152   0   0   0   0]
[2 2 0] [ 2.  2.  2.  1.  1.  1.  1.  0.] [1 1 0] [  0   0 139   0 146 147   0 144 148   0 151  30   0 145  29   0  34   0
   0  33   1   0   0   0]
[1 1 0] [ 2.  2.  2.  1.  1.  1.  1.  0.] [0 0 0] [  1   1 149   1 143 154   0 140 152   1 153  23   1 155  25   0  27   1
   1  26   1   1   1   1]
6
[3 0 3] [ 2.  1.  1.  2.  2.  1.  1.  1.] [3 0 2] [  0   0 155   0 155  45   1 162  46   1  40 162   0  39 157   0 154   1
   0 160   1   0   1   1]
[3 0 2] [ 2.  1.  1.  2.  2.  1.  1.  1.] [3 0 1] [  1   1 141   1 154  41   1 149  36   1  35 152   0  35 140   1 145   1
   2 156   2   1   2   2]
[3 0 1] [ 2.  1.  1.  2.  2.  1.  1.  0.] [3 0 1] [  1   2 126   1 126  13   1 123   8   1  12 136   1  12 138   1 141   1
   1 139   1   1   1   1]
[3 0 1] [ 2.  1.  1.  2.  2.  1.  1.  0.] [3 0 1] [  0   0 128   0 132   3   0 128   2   0   2 138   0   1 140   0 140   0
   0 137   0   0   0   0]
[0 3 1] [ 2.  2.  2.  2.  2.  1.  1.  0.] [0 2 1] [  2   1  38   1  45 143   0  35 143   0 142 157   0 143 154   1 161   0
   1 167   1   2   1   1]
[2 0 1] [ 2.  1.  1.  2.  2.  1.  1.  0.] [2 0 1] [  1   0 135   1 138  20   0 134  18   0  19 142   0  11 141   0 141   0
   1 140   1   1   1   1]
[2 0 1] [ 2.  1.  1.  2.  2.  1.  1.  0.] [2 0 1] [  1   0 135   0 138   6   0 135   6   0   5 140   0   3 138   1 137   0
   1 140   1   1   0   1]
[0 2 1] [ 2.  2.  2.  2.  2.  1.  1.  0.] [0 1 1] [  0   0  15   0  18 123   0  13 122   0 125 141   0 119 141   0 143   0
   0 150   0   0   0   0]
[0 1 1] [ 2.  2.  2.  2.  1.  1.  1.  2.] [0 0 1] [  1   1  12   2  17 144   1  13 141   1 145 153   2 149 147   1 152   1
   3 159   3   1   2   3]
[0 0 1] [ 2.  2.  2.  2.  2.  1.  1.  0.] [0 0 1] [  0   0  20   0  21  42   0  19  46   0  49 161   0  41 158   0 155   0
   0 158   0   0   0   0]
[0 0 1] [ 2.  2.  2.  2.  2.  1.  1.  1.] [0 0 0] [  0   0  28   0  23  32   0  24  38   0  34 160   0  31 161   0 161   1
   0 159   0   0   1   1]
11
[0 3 3] [ 2.  2.  2.  2.  2.  1.  1.  0.] [0 2 3] [  1   1  43   0  46 150   0  47 152   1 152 168   0 151 163   0 160   0
   1 171   1   1   1   0]
[2 0 3] [ 2.  1.  1.  2.  2.  1.  1.  0.] [2 0 3] [  0   0 134   0 134  21   0 138  23   0  21 140   0  22 136   0 138   0
   0 138   1   0   0   0]
[2 0 3] [ 2.  1.  1.  2.  2.  1.  1.  0.] [2 0 3] [  0   0 148   0 142  13   0 149  17   0  13 139   0  21 138   0 138   0
   0 137   0   0   0   0]
[2 0 3] [ 2.  1.  1.  2.  2.  1.  1.  2.] [2 0 3] [  0   0 156   0 153  18   0 156  22   0  21 152   0  20 145   0 151   1
   0 150   0   0   0   1]
[0 2 3] [ 2.  2.  2.  2.  2.  1.  1.  0.] [0 1 3] [  0   0  37   0  40 152   0  38 151   0 141 158   1 147 156   0 162   0
   0 162   0   0   0   0]
[0 1 3] [ 2.  2.  2.  2.  1.  1.  1.  0.] [0 0 3] [  0   2  31   0  36 154   0  33 159   1 149 155   1 162 145   0 149   2
   0 154   2   2   1   2]
[0 0 3] [ 2.  2.  2.  2.  2.  1.  1.  0.] [0 0 3] [  0   0  35   0  34  58   0  32  61   0  57 162   0  64 166   0 164   0
   0 166   0   0   0   0]
[0 3 0] [ 2.  2.  2.  1.  1.  1.  1.  0.] [0 2 0] [  0   0  48   0  54 165   0  46 158   0 161  90   0 164  86   0  91   0
   0  92   0   0   0   0]
[0 0 2] [ 2.  2.  2.  2.  2.  1.  1.  0.] [0 0 2] [  0   0  25   0  26  34   0  25  33   0  30 157   0  35 153   0 157   0
   0 162   0   0   0   0]
[0 0 2] [ 2.  2.  2.  2.  2.  1.  1.  1.] [0 0 1] [  0   0  10   1  10  23   0  10  22   1  21 158   0  24 154   0 156   0
   1 160   1   0   1   1]
[0 1 0] [ 2.  2.  2.  1.  1.  1.  1.  0.] [0 0 0] [  0   0  17   0  15 162   0  13 170   0 165  88   0 167  90   0  86   0
   0  86   0   0   0   0]
11
[3 3 0] [ 2.  2.  2.  1.  1.  1.  1.  2.] [2 2 0] [  2   2 155   2 155 162   1 156 159   2 158  73   2 157  81   2  76   2
   2  70   2   2   2   3]
[2 2 0] [ 2.  1.  2.  1.  1.  1.  1.  0.] [2 1 0] [  2   1 144   2 144 141   0 139 143   2 143  30   0 142  34   1  32   1
   2  29   3   2   1   2]
[2 0 1] [ 2.  1.  1.  2.  2.  1.  1.  0.] [2 0 1] [  0   0 114   0 121  16   0 121  15   0  18 124   0  14 123   0 121   0
   0 127   0   0   0   0]
[2 0 1] [ 2.  1.  1.  2.  2.  1.  1.  0.] [2 0 1] [  1   0 135   1 142  14   0 137  14   0  15 141   0  16 137   0 140   0
   0 143   1   0   0   0]
[0 2 1] [ 2.  2.  2.  2.  2.  1.  1.  0.] [0 1 1] [  0   1  22   0  27 150   0  22 144   0 149 156   0 138 148   0 157   1
   0 161   1   1   0   0]
[0 1 1] [ 2.  2.  2.  2.  1.  1.  1.  1.] [0 0 1] [  2   1  14   1  12 152   1  11 149   2 154 157   1 158 147   1 149   0
   0 155   3   1   3   3]
[0 0 1] [ 2.  2.  2.  2.  2.  1.  1.  0.] [0 0 1] [  0   0  16   0  15  54   0  15  57   0  57 154   0  51 154   0 151   0
   0 147   0   0   0   0]
[0 0 1] [ 2.  2.  2.  2.  2.  1.  1.  0.] [0 0 1] [  0   0  11   0  11  54   0   8  65   0  56 163   0  51 160   0 160   0
   0 163   0   0   0   0]
[0 0 1] [ 2.  2.  2.  2.  2.  1.  1.  0.] [0 0 1] [  0   0  14   0  14  48   0  14  53   0  48 158   0  51 157   0 165   0
   0 163   0   0   0   0]
[0 0 1] [ 2.  2.  2.  2.  2.  1.  1.  0.] [0 0 1] [  0   0  14   0  15  33   0  10  36   0  29 164   0  31 160   0 168   0
   0 166   0   0   0   0]
[0 0 1] [ 2.  2.  2.  2.  2.  1.  1.  0.] [0 0 1] [  0   0   4   0   4  17   0   4  20   0  15 153   0  17 154   0 164   0
   0 158   0   0   0   0]
^C[0 1 0]
Traceback (most recent call last):
  File "sensor.py", line 259, in <module>
    run(500*ms)
  File "/Library/Python/2.7/site-packages/brian-1.4.1-py2.7-macosx-10.10-intel.egg/brian/network.py", line 929, in run
    report=report, report_period=report_period)
  File "/Library/Python/2.7/site-packages/brian-1.4.1-py2.7-macosx-10.10-intel.egg/brian/network.py", line 565, in run
    self.update()
  File "/Library/Python/2.7/site-packages/brian-1.4.1-py2.7-macosx-10.10-intel.egg/brian/network.py", line 509, in update
    f()
  File "/Library/Python/2.7/site-packages/brian-1.4.1-py2.7-macosx-10.10-intel.egg/brian/network.py", line 712, in __call__
    self.function()
  File "sensor.py", line 172, in reduce_trace
    clip(WIH[i].W + np.dot(TIH[i].W,np.diag(np.repeat(rews,HT/outputs)))*dt*gamma, -5.*mV, 0.*mV, WIH[i].W)
KeyboardInterrupt
~/Documents/reinforce → 
