Last login: Mon Apr 27 17:08:30 on ttys004
~ → cd Documents/reinforce
~/Documents/reinforce → ls
4plots			dec2gray.py		sense1log
56iris.py		iris.data		sensor.py
RL			iris.py			sensorlog
RL.pptx			isensor.py		sensorlog2
balance.data		okay			sensornetwork.py
balance.data copy	old			test.py
balance.py		resensor.py		untitled
balmod.data		rou.py
basice.py		rouletteiris.py
~/Documents/reinforce → cd okay/
~/Documents/reinforce/okay → clear










~/Documents/reinforce/okay → cd ..
~/Documents/reinforce → clear






















~/Documents/reinforce → python isensor.py 
[3 0 3] [3 0 3] [10 16 12  7 15  7  9 10 16  5 10  9 12  9  9  9]
[0 3 3] [0 3 2] [19 10 12  7 15  6 21 14 15  4  7  8 12  9  8  8]
[3 2 0] [3 1 0] [13  2  9  4  3 13  1  1 11  1  6  2 10  2  5  6]
[3 0 1] [2 0 1] [ 9 12  6  8  5  4 10  6 22  5 11  7 14 14 11 10]
[0 2 1] [0 2 1] [20  4 34 22 14  9 23 14 19  7 11  9 17 14 11 13]
[2 1 0] [2 1 0] [16 12 40 21 56 52 19 13 23  6 19 16 25 18 18 19]
[2 0 1] [1 0 1] [ 9  6  1  2  0  0 24  9 13  1  6  5 11  8  6  8]
[0 1 1] [0 1 0] [11 12 40 22 14  7 28 16 18  6 11 12 19 15 13 13]
[1 0 0] [0 0 0] [ 8 19 24 16 42 32 26 18 19  7 21 12 25 19 13 12]
[9]
[3 3 0] [3 3 0] [33 15 49 43 56 51 27 21 25  7 27 12 25 20 19 22]
[3 0 3] [3 0 3] [22 13  5  4  0  2 23 17 15  4  8  6  8  5  8  7]
[0 3 3] [0 3 3] [16  4 20 19  4  3 29 22  7  0  3  6  6  4  3  4]
[3 3 0] [2 3 0] [17  5 25 33 29 26 11  6 14  1 14  5 10  8  9 10]
[2 0 3] [1 0 3] [ 6 21  4  6  2  8 33 18  9  2  7  6  9  7  7  6]
[0 1 3] [0 1 2] [17  9 14 11 16 19 42 31  7  1  1  6  5  3  4  1]
[1 2 0] [1 1 0] [15  2 39 25 71 51 17 20 13  4 14  5 11  9  7  9]
[1 0 1] [1 0 1] [11 11 13  3  3  2 33 25 13  3 10  4  8 11  4  6]
[0 1 1] [0 1 0] [22 15 34 27  4 11 38 25 13  3  7  9 13 11 11 11]
[1 0 0] [1 0 0] [ 6  3  7  3  8 15 13 24  4  1  8  3  7  7  4  3]
[0 1 0] [0 1 0] [ 9  1 34 27 44 35 23 21  7  0  4  4 11  4  8  4]
[1 0 0] [1 0 0] [ 3  7 20  3  6 23 24 31 15  3 15  8 16 12 11  8]
[0 1 0] [0 0 0] [11  1 26 16 42 45 11 10 12  3  9  7 11  9 10  9]
[9, 13]
[3 3 0] [3 3 0] [ 6  3 15 11 23 15  2  1  9  0  4  3  4  2  4  6]
[3 0 3] [2 0 3] [11 17  1  3  0  9 13 10 13  2  6  7  6  6  6  7]
[0 2 3] [0 1 3] [15  6 19 21 24 33 19 15 12  6 12 12 11 10  8  9]
[1 3 0] [1 2 0] [ 6  2 13 11 12 19  4  6 10  3 11  6  8  7  6  7]
[1 0 2] [1 0 2] [15  7 10  5  5 18  9 10 10  5  9  9  9 10  8  8]
[0 1 2] [0 0 1] [11  4 24 19 18 48 18 21  8  2  5  6 10  5  7  6]
[0 1 0] [0 0 0] [ 7  1 29 24 44 53 16  5  6  2  5  3  7  6  5  5]
[9, 13, 7]
[3 0 3] [3 0 3] [21 12  2 12  1  8 24  9 13  3  8  5  8  6  6  6]
[0 3 3] [0 2 3] [14  8 15 19 14 32 35 42 19  6 12 13 18 17 14 15]
[2 3 0] [2 3 0] [ 4  2 19 12 32 23 10  5 10  2 13  9 11  8 10 11]
[2 0 3] [1 0 2] [ 5  9  5 16  0  9 41 23 14  2  7  9 12  8  9  7]
[0 1 2] [0 1 1] [ 6  5 27 29 26 60 17 16  8  3  4  6  9  6  6  6]
[1 1 0] [0 1 0] [ 6  2 11 22 12  3  3  3  5  0  3  2  3  3  3  2]
[1 0 0] [1 0 0] [ 3  3 13 20  0  2  3  3  8  2  7  2  8  6  3  3]
[0 1 0] [0 0 0] [16 23 21 62 22 29  9  5  7  3  6  5 12  6  9  6]
[9, 13, 7, 8]
[0 3 3] [0 2 3] [11 14  7 29  5 33 29 35 12  5 10 10 11 10  8 11]
[2 3 0] [1 3 0] [ 1  4 20 23 34  6  2  0  7  1 11  8 12  7  9 14]
[1 0 3] [1 0 3] [10 11 19 16  1 19 15 12 16  6 14  8 10 11 10  5]
[0 1 3] [0 1 2] [ 8 10 22 41 16 54 12 12  6  1  2  3  3  3  3  3]
[1 2 0] [1 2 0] [ 4  2 39 31 38  2  0  0 13  4 16  8 11 15  7 11]
[1 0 2] [1 0 2] [ 9  5 22 27  3 20  7 16 13  5 14  5 12  8  8  7]
[0 1 2] [0 0 1] [13 36 44 54 37 75 41 44 12  5  9 11 14  8 12 10]
[0 1 0] [0 1 0] [ 7 23 30 35 25  4  6  6 14  4 10  9 18  9 13 11]
[1 0 0] [0 0 0] [ 1  6  1  4  0  0  5  2 11  3  9  5 10 10  7  6]
[9, 13, 7, 8, 9]
[3 3 0] [2 3 0] [23 19 19 23 11  0  2  1 16  3 12  6 11  9 10 13]
[2 0 3] [2 0 3] [21 16  9  5  3 24 30 26 17  4 12 11 16 12 17 13]
[0 2 3] [0 1 3] [ 5  5 25 24 28 30 12 15 17  6 14 11 14 13 13 11]
[1 3 0] [0 3 0] [12 26  8 12  3  1  1  1  6  3  8  4  6  5  6  6]
[3 0 0] [2 0 0] [38 42  0 11  0  0  6  3 19  2 14  7 16 11 15  9]
[0 2 0] [0 1 0] [ 1  4 35 37 24  2  0  3  8  2 11  4 12  6  7  4]
[0 0 1] [0 0 1] [ 3  3 11  5  0  1 22 12  8  1  4  2  8  6  3  3]
[0 1 0] [0 0 0] [ 4 19 37 38  6  3  4  6 18  5 13 10 17 12 12 13]
[9, 13, 7, 8, 9, 8]
[0 3 3] [0 2 3] [ 4  7 22 18 19 45 12 21 18  8 14 13 16 12 10 12]
[2 3 0] [1 3 0] [14 18  5 20  9  1  0  0  6  1  6  3  6  4  2  6]
[1 0 3] [1 0 3] [30 23 16 19  0 11  3  3 11  4  7  4  7  8  5  3]
[0 1 3] [0 0 3] [ 9  1 22 50 26 46 10 30 11  4  5 10  9  9  5  6]
[0 3 0] [0 2 0] [ 7 15 10 21  4  1  0  9 13  3 13 12 17 13 11 12]
[0 0 2] [0 0 1] [ 9 10 14 34  4 55 21 41 19  6 14 16 23 14 15 11]
[0 1 0] [0 0 0] [ 5  6 20 30 12  3  0 10 18  6 14 12 22 14 17 18]
[9, 13, 7, 8, 9, 8, 7]
[3 3 0] [2 2 0] [22 34  8 26  9  0  0  3 16  2 13  8 14 10 10 12]
[2 0 2] [2 0 2] [14  3 21 15 11 22  9 33  8  1  6  5 11  4  7  6]
[0 2 2] [0 1 2] [ 0  0 34 28 32 46  3 26 13  6 14 13 16 11 11 13]
[1 2 0] [1 1 0] [ 4  1  9  8  9  0  0  2 10  4 13  5 12 10  8 11]
[1 0 1] [1 0 1] [19  8 22 17  0  0  3 11 24  6 19  9 19 16 12 11]
[0 1 1] [0 1 0] [ 0  0 12 19  0  0  4 20 13  1  5  6 11  6  8  7]
[1 0 0] [0 0 0] [ 9  5  2  5  0  0  0  0 12  2 12  6 13 13  9  6]
[9, 13, 7, 8, 9, 8, 7, 7]
[3 0 3] [3 0 3] [22 15 13 22  1 16  5 13 20  5 10  9 12  9 10  8]
[0 3 3] [0 2 3] [ 6  4 10  7  6 20  0 26 13  4 10  9 11 10  8  9]
[2 3 0] [1 3 0] [ 6 22 10 24 17  0  0  0  7  1  9  7 12  7  9  9]
[1 0 3] [1 0 3] [31 13 21 26  0  6  0  2 12  6 12  7  8  8  8  3]
[0 1 3] [0 0 3] [11  1 21 31 10 15  8 41 11  6  5  9 12  8  9 10]
[0 3 0] [0 2 0] [3 3 3 8 1 1 1 4 8 1 7 5 7 6 6 7]
[2 0 0] [1 0 0] [12 15  7 16  2  0  2  1 12  3 13 13 18 11 13 11]
[0 1 0] [0 0 0] [ 0 19 37 49  5  0  1  4  8  1  6  6 11  6  9  5]
[9, 13, 7, 8, 9, 8, 7, 7, 8]
[3 0 3] [3 0 3] [19  7 10 18  2 16  9 20 13  4  9  8 10  6  8 10]
[0 3 3] [0 2 3] [ 5  3 10 11  1 15  1 22 14  3  8  9 11  8  8  9]
[2 3 0] [1 3 0] [ 9 24  7 25  8  0  0  0 13  3 13  9 15 11 13 13]
[1 0 3] [1 0 3] [31 11 15 21  1  6  0  2 11  5  8  7  7  8  6  4]
[0 1 3] [0 0 2] [15  1 36 51 14 19 12 27 12  6  6 12 12  9 10  6]
[0 2 0] [0 1 0] [ 1  3  8 23  5  0  0  1 11  4 13  6 11  8  9  8]
[0 0 1] [0 0 1] [ 2  1 17 10  0  5 11 21 18  4  9  8 17 11 10 11]
[0 1 0] [0 1 0] [ 1 11 20 33  2  0  0  1  7  1  1  3  9  3  7  5]
[0 0 1] [0 0 1] [ 4  0 16  8  0  3  8 18 20  5 11 10 21 14 14 10]
[0 1 0] [0 1 0] [ 0  4 11 22  1  0  0  0  8  0  5  4  8  8  9  5]
[0 0 1] [0 0 1] [ 0  1  3  3  0  2  3  6 15  2  9  9 14 10  8  7]
[0 1 0] [0 0 0] [ 2  7  8 19  4  0  0  1 14  3 10  6 15  8 13  9]
[9, 13, 7, 8, 9, 8, 7, 7, 8, 12]
[0 3 3] [0 2 2] [ 6  0  3  1  3 14  0  4  7  2  4  5  7  7  3  3]
[2 2 0] [1 2 0] [ 4  1  2  4 14  0  0  0 10  2 11  7 12  7  8 12]
[1 0 2] [1 0 2] [21 37 39 41  9 14  0  7 16  7 17 10 17 10 11  8]
[0 1 2] [0 0 1] [ 0  9 17 22 14 27  9 17 12  6  6 12 15  9 11 11]
[0 1 0] [0 1 0] [ 1  5 17 17  5  0  0  0 11  2  7  6  9  7  9  6]
[0 0 1] [0 0 1] [ 1  1 19 13  0  5  5 10 23  6 17  9 23 16 12 12]
[0 1 0] [0 1 0] [ 0  4 28 27  8  0  0  0 15  5 10  8 15 10 13 11]
[0 0 1] [0 0 1] [ 2  2  6  6  0  8  2  4 15  2 10  6 13 11 10  9]
[0 1 0] [0 1 0] [ 0  1 10 11  2  0  0  0  9  2  5  5 10  6  9  5]
[1 0 0] [0 0 0] [ 6 28  2  6  0  0  0  0 13  4 11  3 16 16  8  7]
[9, 13, 7, 8, 9, 8, 7, 7, 8, 12, 10]
[3 3 0] [2 3 0] [43 52  8  1  3  0  0  0 15  2 16 11 14 11 12 12]
[2 0 3] [2 0 3] [50  3 36 40  1 25  3 22 17  3 11 10 13  9 13 11]
[0 2 3] [0 1 3] [ 6  0 30 16 25 20  1  4 19  8 16 14 15 15 14 11]
[1 3 0] [0 3 0] [27 25  5  7  2  0  0  0 14  5 16 10 14 15  9 11]
[0 0 3] [0 0 3] [ 3  0  8 15  0 18  0  3  3  1  2  2  3  4  3  1]
[0 3 0] [0 3 0] [ 2  2  4  2  3  0  0  0 13  2 12  9 12  7 12  8]
[0 0 3] [0 0 2] [ 8  0 11 10  0 39  0  7 16  4  8  9 14 12 13  6]
[0 2 0] [0 2 0] [ 0  0  8  5  5  1  0  0 10  3  9  6 12  9  9  9]
[0 0 2] [0 0 1] [ 1  2  3  4  1 40 10 11 12  2  8  9 13  8  8  4]
[0 1 0] [0 1 0] [0 0 3 1 0 0 0 0 4 0 0 0 6 1 4 3]
[1 0 0] [0 0 0] [12  7  3  4  0  0  0  0 12  2 11  4 12  8  8  5]
[9, 13, 7, 8, 9, 8, 7, 7, 8, 12, 10, 11]
[3 3 0] [3 3 0] [23 14  6  1  1  0  0  0 18  1 13  7 15 10 10 14]
[3 0 3] [3 0 3] [14  4 12 19  0 35  4  9 23  5 11  6 11  9 11  9]
[0 3 3] [0 2 2] [ 2  0  6  1  3 14  0  1  9  2  7  8  8  7  7  7]
[2 2 0] [2 2 0] [2 1 9 8 6 0 0 0 6 4 9 5 9 5 6 7]
[2 0 2] [2 0 2] [ 7  4 10 11  1 19  4  5  4  1  5  5  8  4  4  5]
[0 2 2] [0 1 2] [ 0  0 17 17 14 16  0  0 10  3 10  8 15  8  5  8]
[1 2 0] [0 2 0] [ 0  1  5 10  0  0  0  0 10  4 13  7  9  9  7  7]
[2 0 0] [1 0 0] [46 37 12 14  0  0  0  0 13  2 12  9 15 12 10 11]
[0 1 0] [0 1 0] [ 9  0 34 17  3  0  0  0 14  3  8 10 12 10 13 13]
[1 0 0] [0 0 0] [28 26 13 19  0  0  0  0 15  6 18  8 16 15 10 10]
[9, 13, 7, 8, 9, 8, 7, 7, 8, 12, 10, 11, 10]
[0 3 3] [0 3 2] [ 4  0 31  7  1 13  0  0  7  3  4  5  7  6  6  5]
[3 2 0] [3 2 0] [ 8  3 12 11  3  0  0  0 15  4 11  4 12 13  9 12]
[3 0 2] [3 0 2] [13  9  8 11  0 29  1  2 12  1 12  8 13  5  7  8]
[0 3 2] [0 2 2] [ 2  1 27 19  3 31  0  3 16  4 12 10 18 11 13 14]
[2 2 0] [1 2 0] [19  5 18 25  5  1  0  0 11  2 12  8 13  9  9 11]
[1 0 2] [0 0 2] [ 8 16  7 18  0  9  0  0  7  2  8  4  8  5  5  2]
[0 2 0] [0 2 0] [ 0  0 11 36  2  0  0  0 12  3 13  9 14  7  8  8]
[2 0 0] [1 0 0] [25 25 14 25  1  1  0  0 18  4 18 15 23 13 16 14]
[0 1 0] [0 1 0] [ 0  0 32 29  3  0  0  0  6  2  5  4  7  4  5  6]
[0 0 1] [0 0 1] [ 0  0 35 11  0 17  2  0 29  8 15 15 27 20 17 15]
[0 1 0] [0 1 0] [ 0  0 47 42  0  0  0  0 12  1  7  6 12  5 10  8]
[0 0 1] [0 0 1] [ 0  0  5  4  0 16  0  0 21  6 12  9 18 14 10 11]
[0 1 0] [0 1 0] [ 0  0 12 23  1  0  0  0 10  2  6  7 12  8  9  7]
[0 0 1] [0 0 1] [ 0  0  3  2  0 11  0  0 18  4 10  7 16 12  9  6]
[0 1 0] [0 1 0] [ 1  0  2 11  3  0  0  0 11  6  8 10 13 10 10  9]
[1 0 0] [0 0 0] [ 4  5  0  1  0  0  0  0 14  6 14  7 16 10 10  6]
[9, 13, 7, 8, 9, 8, 7, 7, 8, 12, 10, 11, 10, 16]
[3 3 0] [3 3 0] [14  5  5  2  3  0  0  0 20  4 14  8 18 11 12 15]
[3 0 3] [3 0 3] [11  5 23 14  4 26  1  1 19  7 14 10 14 13 11 10]
[0 3 3] [0 3 2] [ 1  0 29  6  5 29  0  0 12  3  9 11 11  9  8  8]
[3 2 0] [2 2 0] [ 0  0  2  4  4  0  0  0 14  1 11  5 11  6  8 10]
[2 0 2] [2 0 2] [ 6 37 21 18  0 17  2  2 10  3  8  8 13  6  9 11]
[0 2 2] [0 2 2] [ 0  0 12 17  5 10  0  0 11  5  9 11 13  9  7 11]
[2 2 0] [1 2 0] [ 1  5 11 23  8  1  0  0 12  4 14 11 17 11 12 16]
[1 0 2] [0 0 2] [ 0 23 11 13  0  9  0  0  7  5  9  4 12  7  7  4]
[0 2 0] [0 2 0] [ 0  0  7 41  0  0  0  0 14  5 15  7 15 12 11 10]
[2 0 0] [1 0 0] [ 5 25 17 38  0  0  0  0 19  1 16 13 21 13 12 13]
[0 1 0] [0 1 0] [ 0  0 21 14  1  0  0  0  7  2  3  5  5  3  6  4]
[1 0 0] [0 0 0] [ 1  7  6 14  0  0  0  0  7  1  8  4  8  8  4  3]
[9, 13, 7, 8, 9, 8, 7, 7, 8, 12, 10, 11, 10, 16, 12]
[3 0 3] [3 0 3] [ 5  3 28 27  1 15  0  0 16  2 11  4  9  6 10  7]
[0 3 3] [0 2 3] [ 1  0 23 13  2 29  0  0 18  4 12 12 14 10  8 11]
[2 3 0] [2 3 0] [ 6  5 31 23  0  0  0  0  9  0  9  7 12  6  9 10]
[2 0 3] [1 0 3] [ 7 10 37 44  1 12  0  0  9  2 10  5  9  9 11  7]
[0 1 3] [0 0 2] [ 0  0 39 20  8 20  0  2 14  7 10 11 14 11 12 12]
[0 2 0] [0 2 0] [ 0  0  6 30  1  0  0  0 13  3 13  6 15  9 12 11]
[0 0 2] [0 0 2] [ 0  0  9 18  0 22  0  0  9  2  6  4  7  6  6  3]
[0 2 0] [0 2 0] [ 0  0  8 19  1  0  0  0  4  3  8  3  7  6  4  4]
[0 0 2] [0 0 2] [ 0  0  3  8  0 39  0  1  7  1  4  4  7  4  6  2]
[0 2 0] [0 2 0] [ 0  0  3 14  1  0  0  0  7  1  9  2  8  3  4  3]
[0 0 2] [0 0 2] [ 1  2 13 14  0 53  0  0 17  5 14 14 17 11 12 13]
[0 2 0] [0 2 0] [ 0  0  0  2  1  1  0  0  9  1 12  4 11  7  6  8]
[0 0 2] [0 0 2] [ 0  0  1  4  0 65  0  0 12  2  8  6 11  7  8  3]
[0 2 0] [0 2 0] [ 0  0  3  2  4  3  0  0  9  4  8  5 11  9  8  8]
[0 0 2]^C
Traceback (most recent call last):
  File "isensor.py", line 233, in <module>
    run(500*ms)
  File "/Library/Python/2.7/site-packages/brian-1.4.1-py2.7-macosx-10.10-intel.egg/brian/network.py", line 929, in run
    report=report, report_period=report_period)
  File "/Library/Python/2.7/site-packages/brian-1.4.1-py2.7-macosx-10.10-intel.egg/brian/network.py", line 565, in run
    self.update()
  File "/Library/Python/2.7/site-packages/brian-1.4.1-py2.7-macosx-10.10-intel.egg/brian/network.py", line 509, in update
    f()
  File "/Library/Python/2.7/site-packages/brian-1.4.1-py2.7-macosx-10.10-intel.egg/brian/network.py", line 712, in __call__
    self.function()
  File "isensor.py", line 172, in reduce_trace
    clip(WIH[i].W + np.dot(TIH[i].W,np.diag(np.repeat(rews,HT/outputs)))*dt*gamma, -5.*mV, 0.*mV, WIH[i].W)
  File "/System/Library/Frameworks/Python.framework/Versions/2.7/Extras/lib/python/numpy/core/fromnumeric.py", line 389, in repeat
    return _wrapit(a, 'repeat', repeats, axis)
  File "/System/Library/Frameworks/Python.framework/Versions/2.7/Extras/lib/python/numpy/core/fromnumeric.py", line 43, in _wrapit
    result = getattr(asarray(obj), method)(*args, **kwds)
  File "/System/Library/Frameworks/Python.framework/Versions/2.7/Extras/lib/python/numpy/core/numeric.py", line 460, in asarray
    return array(a, dtype, copy=False, order=order)
KeyboardInterrupt
~/Documents/reinforce → clear

~/Documents/reinforce → python isensor.py 
[3 0 3] [2 0 3] [20 32 38 18 26 13 28 27 37 25 45 30 34 36 42 42]
[0 2 3] [0 1 3] [ 3 20  6  7 15  8 27 34 22 22 23 11 19 18 33 22]
[1 3 0] [1 2 0] [ 8 22 18 43 19 30 49 80 24 26 34 25 18 33 27 16]
[1 0 2] [1 0 2] [82 75 36 11  0  5 55 72 30 21 33 27 28 17 25 26]
[0 1 2] [0 1 1] [  3  22   0   0  18  17 117  33  36  22  22  34  32  20  28  28]
[1 1 0] [1 1 0] [ 5  8  1  0  0  0  4 11 29 36 38 37 25 33 34 31]
[1 0 1] [1 0 1] [25  3  0  0  0  0  0 12 28 25 45 26 28 22 30 27]
[0 1 1] [0 0 1] [  6   3   0   0  11  13  84 104  33  18  36  29  34  17  32  27]
[0 1 0] [0 0 0] [ 1  5 37  0  4  0  1  4 33 32 31 24 33 26 31 29]
[9]
[0 3 3] [0 2 3] [ 2 11  1  0 22 44 10 19 43 34 42 31 38 32 45 35]
[2 3 0] [2 2 0] [26 10  6  0  0  0  0 15 31 28 38 26 25 37 35 24]
[2 0 2] [2 0 2] [ 6  5  0 23 39 36 45 52 43 28 36 31 38 28 38 41]
[0 2 2] [0 1 2] [ 0 39  0  0  4 13 27 28 39 24 25 21 29 19 36 25]
[1 2 0] [1 1 0] [ 0 29  0  0  4  6  1  9 21 28 31 22 20 30 32 20]
[1 0 1] [0 0 1] [ 1  5  0  0  0  0 16  6 22 20 33 23 18 13 26 21]
[0 1 0] [0 1 0] [ 0  0  0  0  0  0  0  0 35 35 35 27 33 30 34 30]
[1 0 0] [0 0 0] [ 0  4  0  0  0  0  0  0 27 36 39 23 20 31 35 26]
[9, 8]
[0 3 3] [0 2 3] [ 9  0  0  0  0  4  7  0 36 25 37 25 30 27 39 31]
[2 3 0] [2 3 0] [ 5  3  0  0  0  0  0  0 22 23 26 22 20 29 30 18]
[2 0 3] [2 0 3] [ 0  0  0  0  1  7 21  6 43 33 38 23 29 36 39 43]
[0 2 3] [0 1 3] [ 0  0  0 23  1 26  4  4 36 29 35 20 29 31 49 35]
[1 3 0] [0 3 0] [ 0  0  0  1  0  0  0  0 25 26 35 30 22 36 26 17]
[3 0 0] [2 0 0] [11 19  0  0  0  0  0  0 20 23 34 19 26 22 26 22]
[0 2 0] [0 2 0] [ 6  0  0  7  0  0  0  0 28 29 34 14 29 25 33 21]
[2 0 0] [2 0 0] [ 0  0  0  0  0  0  0  0 27 29 33 17 19 26 33 26]
[0 2 0] [0 2 0] [ 0  0  0  0  0  0  0  0 27 26 31 14 31 23 35 22]
[2 0 0] [2 0 0] [ 0  0  0  0  0  0  0  0 25 27 35 15 19 24 30 26]
[0 2 0] [0 2 0] [ 0  0  0  0  0  0  0  0 27 25 37 12 32 24 37 21]
[2 0 0] [2 0 0] [ 0  0  0  0  0  0  0  0 27 33 32 16 20 29 36 28]
[0 2 0] [0 2 0] [ 0  0  0  0  0  0  0  0 37 36 41 21 41 36 45 32]
[0 0 2] [0 0 2] [ 0  0  0  0 15 19 38  1 46 28 44 29 38 21 41 39]
[0 2 0] [0 2 0] [ 0  0  0  0  0  3  0  0 23 25 30 15 27 24 37 20]
[2 0 0] [2 0 0] [ 0  0  0  0  0  0  0  0 33 27 37 21 25 30 34 30]
[0 2 0] [0 1 0] [ 0  0  0  0  0  1  0  0 42 38 47 26 44 35 50 39]
[1 0 0] [1 0 0] [ 0  0  0  0  0  0  0  0 23 29 35 20 19 25 32 22]
[0 1 0] [0 1 0] [ 0  0  0  0  0  0  0  0 40 38 38 30 40 31 36 33]
[0 0 1] [0 0 1] [ 0  0  0  0  0 31 13  8 41 25 43 27 35 23 42 38]
[0 1 0] [0 1 0] [ 0  0  0  0  0  0  0  0 35 35 32 28 31 26 33 32]
[1 0 0] [1 0 0] [ 0  0  0  0  0  0  0  0 28 33 36 22 23 29 29 23]
[0 1 0] [0 1 0] [ 0  0  0  0  0  0  0  0 34 35 31 26 33 27 34 33]
[0 0 1] [0 0 1] [ 0  0  0  0  0 38  0  0 24 15 29 13 22 11 29 22]
[0 1 0] [0 0 0] [ 0  0  0  0  0 11  0  0 28 28 24 24 23 18 23 21]
[9, 8, 25]
[3 0 3] [2 0 3] [ 5  0  0  8  0  0  4  3 39 24 45 29 33 34 38 40]
[0 2 3] [0 2 3] [ 0  0  0  0  0  0  0  0 37 31 36 18 37 30 44 36]
[2 3 0] [2 3 0] [ 0  0  0  0  0  0  0  0 21 24 28 19 17 25 35 19]
[2 0 3] [2 0 3] [ 0  0  0  0  0  0  1  0 31 24 30 18 21 28 35 33]
[0 2 3] [0 2 3] [ 0  0  0  0  0  0  0  0 24 25 26 10 21 23 33 29]
[2 3 0] [2 3 0] [ 0  0  0  0  0  0  0  0 18 21 26 19 16 26 24 13]
[2 0 3] [2 0 3] [ 0  0  0  0  0  0  1  0 37 33 39 24 28 35 37 39]
[0 2 3] [0 1 3] [ 0  0  0  0  1  3  0  0 46 37 40 29 39 39 51 46]
[1 3 0] [0 3 0] [ 0  2  0  0  0  0  0  0 21 26 34 27 19 28 29 14]
[3 0 0] [2 0 0] [21  0  0  2  0  0  0  0 18 21 38 18 20 20 32 25]
[0 2 0] [0 2 0] [ 0  0  0  0  0  0  0  0 28 27 33 16 31 23 35 22]
[0 0 2] [0 0 2] [ 0  0  0  0  0  8  0  0 36 17 28 16 24 12 23 24]
[0 2 0] [0 2 0] [ 0  0  0  0  0  1  0  0 20 23 25  9 26 17 30 16]
[0 0 2] [0 0 2] [ 0  0  0  0  0  0  0  0 38 18 29 21 28 16 33 31]
[0 2 0] [0 2 0] [ 0  0  0  0  0  0  0  0 40 39 46 23 43 37 48 31]
[0 0 2] [0 0 2] [ 0  0  0  0  0  0  0  0 43 20 32 19 31 14 33 29]
[0 2 0] [0 2 0] [ 0  0  0  0  0  0  0  0 30 31 37 15 30 26 40 24]
[2 0 0] [2 0 0] [ 0  0  0  0  0  0  0  0 28 32 35 22 24 27 37 29]
[0 2 0] [0 2 0] [ 0  0  0  0  0  0  0  0 19 20 25 11 24 17 28 16]
[0 0 2] [0 0 2] [ 0  0  0  0  0  0  0  0 44 21 39 24 33 20 39 37]
[0 2 0]^C
Traceback (most recent call last):
  File "isensor.py", line 233, in <module>
    run(500*ms)
  File "/Library/Python/2.7/site-packages/brian-1.4.1-py2.7-macosx-10.10-intel.egg/brian/network.py", line 929, in run
    report=report, report_period=report_period)
  File "/Library/Python/2.7/site-packages/brian-1.4.1-py2.7-macosx-10.10-intel.egg/brian/network.py", line 565, in run
    self.update()
  File "/Library/Python/2.7/site-packages/brian-1.4.1-py2.7-macosx-10.10-intel.egg/brian/network.py", line 509, in update
    f()
  File "/Library/Python/2.7/site-packages/brian-1.4.1-py2.7-macosx-10.10-intel.egg/brian/network.py", line 712, in __call__
    self.function()
  File "isensor.py", line 172, in reduce_trace
    clip(WIH[i].W + np.dot(TIH[i].W,np.diag(np.repeat(rews,HT/outputs)))*dt*gamma, -5.*mV, 0.*mV, WIH[i].W)
KeyboardInterrupt
~/Documents/reinforce → clear

~/Documents/reinforce → python isensor.py 
[3 3 0] [3 3 0] [29 26 34 22 33 16 22 25 16 21 44 33 29 52 20 44]
[3 0 3] [3 0 3] [32 19 29 16  1 15 19  5 18 22 15 30 27 38 19 33]
[0 3 3] [0 3 2] [14 10 18  8  2 13 35  7  6 29  5 31 18 22 16 10]
[3 2 0] [3 2 0] [20 14 15 12 16  1 22 17  9 15 23 22 25 23  3 20]
[3 0 2] [3 0 2] [18  7  6  4  1  1 12  5  9  7  0  3 10 14  1 11]
[0 3 2] [0 3 1] [ 5  3  2  0 18  7  0 19  1 46  4 43  2  5 42  2]
[3 1 0] [3 1 0] [ 3  3  1  1 13  0 12  7  1  6  4  5  4  3  1  1]
[3 0 1] [2 0 1] [ 4  2  0  1  8  0 26 23  1  0  0  6  1  4  0  2]
[0 2 1] [0 2 0] [10  6  1 34 25  6 27 22  7  8 12  3 10  7 13  5]
[0 0 2] [0 0 1] [16  3  3  2  1  8  1 17  8 17  1  2 12  8 17  7]
[0 1 0] [0 0 0] [7 3 2 0 1 4 0 6 7 0 3 0 0 3 0 2]
[11]
[3 0 3] [3 0 3] [ 3  0  0 39  0 11 17  0 17  0  0 22  0  2  0  1]
[0 3 3] [0 3 2] [ 4  1  1  0  0  3  0  0  0  5  0 15  0  1 16  1]
[3 2 0] [3 2 0] [ 1  0  0  0  3  0  2  0  0  0  0  4 10  0  0  0]
[3 0 2] [2 0 1] [ 0  0  0 20 18  0 52  0  0  0  0  7  0  0  0  0]
[0 2 1] [0 1 1] [ 1  2  1  1  0  4  0  4  4  0  1  0  5  3 11  2]
[1 1 0] [0 1 0] [ 4  0  0 13 22  4 26  4 12  0 33  0 58  1  0  0]
[1 0 0] [0 0 0] [ 4  0  0 36 20  0 26  0  0  0  3  4  0  1  0  0]
[11, 7]
[3 3 0] [3 3 0] [ 0  0  0  0 14  0 22  0  0  0  0  0  1  0  0  0]
[3 0 3] [3 0 2] [ 2  0  0  0  0  0  0  0  0  0  0 11 15  0  0  0]
[0 3 2] [0 2 2] [ 0  0  0  0  2 26  0  4 31  0 15 13  0  0  5  0]
[2 2 0] [2 1 0] [ 2  1  1  0  0  2  0  0  0  0 29  0 50  1  1  2]
[2 0 1] [2 0 0] [ 1  0  0  0  0  5  0  0  0  0  0 14  2  0  0  0]
[0 2 0] [0 2 0] [0 3 0 0 0 0 0 0 4 0 0 0 0 1 0 2]
[0 0 2] [0 0 2] [7 5 3 0 0 4 0 0 2 0 1 0 0 7 0 4]
[0 2 0] [0 1 0] [ 3  0  1  0  0  4  0  0 21  0  0  0  0  4  0  0]
[0 0 1] [0 0 1] [10  4  4  0  0 12  0  0  1  0 19  0  0  8  0  5]
[0 1 0] [0 0 0] [ 6  1  0  0  0 11  0  0  1  0 11  0  0  0  0  0]
[11, 7, 10]
[0 3 3] [0 3 3] [3 0 0 0 0 0 0 0 0 0 4 0 0 0 2 0]
[3 3 0] [3 3 0] [0 0 0 0 0 0 0 0 0 0 0 0 0 0 0 0]
[3 0 3] [3 0 2] [ 0  0  0  0  0  0  0  0  0  0  0 10  5  0  0  0]
[0 3 2] [0 2 2] [2 0 0 0 1 0 0 1 0 0 0 0 0 0 0 0]
[2 2 0]^C
Traceback (most recent call last):
  File "isensor.py", line 233, in <module>
    run(500*ms)
  File "/Library/Python/2.7/site-packages/brian-1.4.1-py2.7-macosx-10.10-intel.egg/brian/network.py", line 929, in run
    report=report, report_period=report_period)
  File "/Library/Python/2.7/site-packages/brian-1.4.1-py2.7-macosx-10.10-intel.egg/brian/network.py", line 565, in run
    self.update()
  File "/Library/Python/2.7/site-packages/brian-1.4.1-py2.7-macosx-10.10-intel.egg/brian/network.py", line 509, in update
    f()
  File "/Library/Python/2.7/site-packages/brian-1.4.1-py2.7-macosx-10.10-intel.egg/brian/network.py", line 712, in __call__
    self.function()
  File "isensor.py", line 172, in reduce_trace
    clip(WIH[i].W + np.dot(TIH[i].W,np.diag(np.repeat(rews,HT/outputs)))*dt*gamma, -5.*mV, 0.*mV, WIH[i].W)
KeyboardInterrupt
~/Documents/reinforce → python isensor.py 
[3 3 0] [3 2 0] [11 11  4 13 11  8  6  7 11 10 10  7  8 12  9 10]
[3 0 2] [2 0 2] [11 14  9 19 18 13 10 22 20 13 23 13 10 14 11 15]
[0 2 2] [0 1 2] [ 7  6  1 13 15  4  7 13  9  7 11  8  7  8 10  4]
[1 2 0] [1 1 0] [15  9  5 13 15 10  7 16 14 13 15 10 11 14 11 10]
[1 0 1] [0 0 1] [14 16  5 22 24 15 12 19 20 14 28  9 13 19 11 15]
[0 1 0] [0 0 0] [ 6 16  4 20 13  9  6 19 18 13 15  7  9 11  7  8]
[6]
[0 3 3] [0 2 3] [ 4 11  3 10 12  4  7 14 11  6 11  4  9  8  7  5]
[2 3 0] [1 2 0] [14 21  5 24 21 12  9 36 32 11 18 11 13 16 16 13]
[1 0 2] [0 0 2] [ 7 15  3 18 14  7  5 14 14  6 16  6  6 11  7  8]
[0 2 0] [0 1 0] [ 4 11  1 15 16  4  6 26 22  8 19  4 11  9 13  4]
[0 0 1] [0 0 1] [ 0  5  0  4  5  1  3  5  3  0 10  0  3  1  2  0]
[0 1 0] [0 0 0] [ 2 12  2 14  9  4  3 15 16  5 13  3  4  5  5  3]
[6, 6]
[3 0 3] [2 0 3] [0 8 0 7 9 0 1 3 3 1 2 0 4 2 4 1]
[0 2 3] [0 1 3] [ 6 17  4 27 24  3  7 22 27 11 21  7 25  9 24  6]
[1 3 0] [0 2 0] [ 8 15  2 26 20  6  4 25 24  3 26  4 11  8  7  5]
[2 0 0] [1 0 0] [ 3 13  0 20 20  3  0 10 10  3  6  2  8  5  7  4]
[0 1 0] [0 0 0] [ 2 19  1 20 17  0  2 26 26  3 26  1 12  2  9  0]
[6, 6, 5]
[3 3 0] [2 2 0] [ 2 20  1 22 19  3  2 12 16  3 12  3  7  3  7  2]
[2 0 2] [1 0 2] [ 2 26  1 28 23  2  1 12 10  2 11  7  7  4  6  2]
[0 1 2] [0 0 2] [ 2  9  0  6  5  1  0 21 22  1 22  3  7  1  7  0]
[0 2 0] [0 1 0] [ 2 20  0 22 24  2  3 45 41  3 39  2 25  5 26  2]
[1 0 0] [0 0 0] [ 2 14  1 14 12  1  1  2  2  1  2  1  7  2  5  1]
[6, 6, 5, 5]
[3 3 0] [2 2 0] [ 3 17  0 20 23  1  1 13 15  1 10  0 11  1 10  1]
[2 0 2] [1 0 2] [ 2 20  1 20 21  1  0 14 10  2 11  4 10  4 11  2]
[0 1 2] [0 0 2] [ 1  3  0  2  5  0  1 34 35  1 36  1 16  1  9  0]
[0 2 0] [0 1 0] [ 0  6  0 10  8  0  0 28 18  1 20  0 20  1 18  0]
[0 0 1] [0 0 1] [ 1 15  0 13 15  0  1 12  9  0 14  0 22  0 16  0]
[0 1 0] [0 0 0] [ 1 17  1 20 17  1  4 40 35  3 44  2 23  4 17  2]
[6, 6, 5, 5, 6]
[3 0 3] [2 0 3] [ 0 14  0 14 15  0  0  7  2  0  4  0 18  1 14  0]
[0 2 3] [0 1 3] [ 0  5  0  3  3  0  0 21 12  0 12  0 21  1 13  0]
[1 3 0] [0 2 0] [ 2 16  1 23 16  1  1  5  6  1  9  1  7  1  3  1]
[0 0 2] [0 0 2] [ 1 10  1  6  9  0  1 20 17  1 20  1 22  1 16  1]
[0 2 0] [0 1 0] [ 0  8  0  6  6  0  0 29 17  0 24  0 17  0 13  0]
[0 0 1] [0 0 1] [ 2 19  0 15 14  2  2 15 11  0 20  0 30  2 24  0]
[0 1 0] [0 0 0] [ 2 20  1 17 18  1  2 33 36  1 41  1 18  1 16  1]
[6, 6, 5, 5, 6, 7]
[3 3 0] [2 2 0] [ 2 22  0 24 19  0  0 18 17  0 14  0 15  1  8  0]
[2 0 2] [1 0 2] [ 0 31  0 23 33  0  0 20 19  0 23  0 23  0 19  1]
[0 1 2] [0 0 2] [ 0  4  0  1  5  0  0 34 29  0 40  1  7  0  5  0]
[0 2 0] [0 1 0] [ 0  0  0  2  3  0  0  9  7  0 10  0  7  0  5  0]
[1 0 0] [0 0 0] [ 2 28  0 25 31  1  0  2  2  0  2  0 10  1  6  0]
[6, 6, 5, 5, 6, 7, 5]
[3 0 3] [2 0 3] [ 0 22  0 13 16  0  0 11  5  1  7  0 27  2 25  1]
[0 2 3] [0 1 3] [ 1  1  1  1  1  0  1 19 16  1 13  0 15  0  9  0]
[1 3 0] [0 2 0] [ 2 33  1 34 30  1  1  9  7  2  8  0 10  1  5  1]
[2 0 0] [1 0 0] [ 0 12  0 15 14  0  0  1  2  0  2  0  8  0  8  0]
[0 1 0] [0 0 0] [ 1 10  0  6  9  0  0 29 26  0 26  0 14  0  7  0]
[6, 6, 5, 5, 6, 7, 5, 5]
[3 3 0] [2 2 0] [ 1 29  0 32 31  0  1 14 15  0  9  0  8  0  6  0]
[2 0 2] [1 0 2] [0 5 0 4 4 0 0 6 4 0 6 1 7 0 7 0]
[0 1 2] [0 0 2] [ 1 11  1  4  8  0  1 45 42  0 49  0 20  0 14  0]
[0 2 0] [0 1 0] [ 3 12  0  7 14  1  1 16 14  1 19  1 10  1 10  1]
[0 0 1] [0 0 1] [ 1 16  0  8  9  1  2 13  8  0 16  0 31  1 26  1]
[0 1 0] [0 0 0] [ 0 10  0  6  4  0  0 13 16  0 15  0  5  0  3  0]
[6, 6, 5, 5, 6, 7, 5, 5, 6]
[0 3 3] [0 2 3] [ 0  7  0  5  6  0  0 36 30  0 32  0 13  0  7  0]
[2 3 0] [1 2 0] [ 0 24  0 28 24  0  0 14 17  0  8  0  8  1  6  0]
[1 0 2] [0 0 2] [ 0  6  0  6  9  0  0  5  4  0  4  0 17  0 17  0]
[0 2 0] [0 1 0] [ 0 18  0  9 16  0  0 24 23  0 18  0  6  0  8  0]
[0 0 1] [0 0 1] [ 0  6  0  2  5  0  0  7  4  0 10  0 22  0 24  0]
[0 1 0] [0 0 0] [ 0 14  0 12  8  0  0 31 34  0 26  0  2  0  1  0]
[6, 6, 5, 5, 6, 7, 5, 5, 6, 6]
[0 3 3] [0 2 3] [ 0 12  0  7  8  0  0 32 30  0 28  0  9  0  5  0]
[2 3 0] [1 2 0] [ 0 28  0 27 28  0  0 13 20  0  7  1  4  0  3  0]
[1 0 2] [0 0 2] [ 1  6  0  3  7  1  1  2  2  1  8  1 14  1 19  0]
[0 2 0] [0 1 0] [ 0  4  0  3  6  0  0 12 11  0  7  0  0  0  1  0]
[1 0 0] [0 0 0] [ 0  8  0 13 13  0  0  0  0  0  0  0  4  0  3  0]
[6, 6, 5, 5, 6, 7, 5, 5, 6, 6, 5]
[3 3 0] [2 2 0] [ 0 29  0 28 25  0  0  7  8  0  4  0  3  0  1  0]
[2 0 2] [1 0 2] [ 0  4  0  3  5  0  0  5  4  0  4  0 15  0 22  0]
[0 1 2] [0 0 2] [ 0  2  0  2  3  0  0 32 34  0 38  0  9  0  4  0]
[0 2 0] [0 1 0] [0 3 0 4 3 0 0 6 6 0 3 0 0 0 0 0]
[0 0 1] [0 0 1] [ 0  0  0  1  1  0  0  4  2  0  5  0 10  0 11  0]
[0 1 0] [0 0 0] [ 0 11  0  7 10  0  0 15 18  0 12  0  3  0  0  0]
[6, 6, 5, 5, 6, 7, 5, 5, 6, 6, 5, 6]
[3 3 0] [2 2 0] [ 0 43  0 39 38  0  0 17 21  0 11  0  3  0  1  0]
[2 0 2] [1 0 2] [ 0  1  0  1  1  0  0  0  0  0  1  0 10  0 13  0]
[0 1 2]^C
Traceback (most recent call last):
  File "isensor.py", line 233, in <module>
    run(500*ms)
  File "/Library/Python/2.7/site-packages/brian-1.4.1-py2.7-macosx-10.10-intel.egg/brian/network.py", line 929, in run
    report=report, report_period=report_period)
  File "/Library/Python/2.7/site-packages/brian-1.4.1-py2.7-macosx-10.10-intel.egg/brian/network.py", line 565, in run
    self.update()
  File "/Library/Python/2.7/site-packages/brian-1.4.1-py2.7-macosx-10.10-intel.egg/brian/network.py", line 509, in update
    f()
  File "/Library/Python/2.7/site-packages/brian-1.4.1-py2.7-macosx-10.10-intel.egg/brian/network.py", line 712, in __call__
    self.function()
  File "isensor.py", line 172, in reduce_trace
    clip(WIH[i].W + np.dot(TIH[i].W,np.diag(np.repeat(rews,HT/outputs)))*dt*gamma, -5.*mV, 0.*mV, WIH[i].W)
  File "/System/Library/Frameworks/Python.framework/Versions/2.7/Extras/lib/python/numpy/lib/twodim_base.py", line 284, in diag
    res[:n-k].flat[i::n+1] = v
KeyboardInterrupt
~/Documents/reinforce → python isensor.py 
[3 0 3] [3 0 3] [20 11 16 14 14 27 17 15 21 20 10 19 12 18 19 17]
[0 3 3] [0 3 3] [ 4  7  4  9  9 14 11 11 16 13  8 12  9  7 11 12]
[3 3 0] [3 3 0] [12 14 11 11 11 17  9 12 15 20  8 17  8 11 14 12]
[3 0 3] [3 0 2] [ 8  3  6  6  4 17  8  7 11 12  3 13  6  8 12  7]
[0 3 2] [0 3 1] [ 6  3 10  4  7 15  8  6 18  4  4  6  7  4  9  9]
[3 1 0] [3 1 0] [7 4 7 5 3 7 2 7 8 9 1 8 3 8 6 4]
[3 0 1] [3 0 0] [10  6 10  7  7 15 11  7 14 15  4 16  6  8 14  7]
[0 3 0] [0 2 0] [ 4  8  6  4  7 14  6  9 16  9  6 15  9  5 10  5]
[2 0 0] [2 0 0] [12  6 10  8  9 13 10  8 10 19  5 33  9  9 19  8]
[0 2 0] [0 1 0] [ 8  6  9  6  6 23  9 18 16  9  5 15  9  7  9  8]
[0 0 1] [0 0 0] [ 3  2  7  2  5  5  8  2  8  3  3 16  3  2 10  3]
[11]
[3 0 3] [3 0 2] [ 8  2  9  5  7 11 10  5  7 15  3 27  7  8 23  4]
[0 3 2] [0 3 1] [ 4  2  5  4  3 18  9  9 18  3  2 16  7  1 16  2]
[3 1 0] [3 1 0] [11  6  6  5  5 19  7 19 11 18  3 16  4  7 10  4]
[3 0 1] [3 0 0] [ 8  3  7  2  4  7  8  1  2 13  2 22  4  5 12  4]
[0 3 0] [0 2 0] [ 1  3  3  2  2 23  6 16 23 11  3 22  6  2 17  4]
[2 0 0] [2 0 0] [10  3  4  3  6  7  9  8  8 15  2 23  5  6 14  4]
[0 2 0] [0 1 0] [ 8  6  7  5  7 22 13 20 22 12  7 22 11  7 14  8]
[0 0 1] [0 0 0] [10  5 12  4  8  9 15  5  9 14  5 29 15  4 22  7]
[11, 8]
[3 3 0] [3 2 0] [ 2  3  1  2  2 17  4 14 14 11  1 13  1  2  7  2]
[3 0 2] [3 0 1] [10  3 10  5  3  9 12  3  5 17  2 22  7  8 20  6]
[0 3 1] [0 2 0] [ 3  3  2  4  3 11  5  7 13  8  3 25  6  1 10  2]
[2 0 0] [2 0 0] [ 2  0  0  1  0  1  3  2  1  5  0 15  1  1  8  0]
[0 2 0] [0 1 0] [ 6  4  5  4  2 22 11 13 15 10  2 15  4  3 11  2]
[1 0 0] [1 0 0] [13  6 10  8  4 16 15  9 11 21  5 30  4  6 24  4]
[0 1 0] [0 0 0] [ 5  1  3  4  1 24  9 21 25 12  2 11  5  2 13  2]
[11, 8, 7]
[0 3 3] [0 2 2] [ 3  3  3  6  5 48 15 26 37 19  3 31 10  5 27  3]
[2 2 0] [2 1 0] [ 4  3  2  3  3  8  5 10 11  4  1  9  1  3  4  1]
[2 0 1] [1 0 0] [ 7  3  4  8  5  5 13  4  4 14  2 29  7  3 17  4]
[0 1 0] [0 0 0] [ 7  6  5 16  8 39 19 44 37 23  3 22 11  4 20  3]
[11, 8, 7, 4]
[0 3 3] [0 2 2] [ 2  1  2  5  3 34 10 17 33 14  2 27 10  3 20  1]
[2 2 0] [2 1 0] [ 3  1  1  7  4 14  9 22 19 13  1 11  1  3  5  1]
[2 0 1] [1 0 0] [ 4  2  3  5  5  2 10  2  2 16  1 25  4  4 14  1]
[0 1 0] [0 0 0] [ 4  2  2 18  9 31 18 39 33 25  1 18 18  2 15  1]
[11, 8, 7, 4, 4]
[0 3 3] [0 2 2] [ 0  0  2  5  6 36  9 22 34 15  0 31 12  0 21  0]
[2 2 0] [2 1 0] [ 5  0  1  8  7 12  8 22 13 12  0  9  5  3  4  0]
[2 0 1] [1 0 0] [ 6  3  5 12 13  7 17  6  5 25  3 33 17  5 24  4]
[0 1 0] [0 0 0] [ 5  1  3 22 12 33 15 40 30 15  1  9 16  2 12  1]
[11, 8, 7, 4, 4, 4]
[3 3 0] [3 2 0] [ 2  2  0  8  6 55  8 45 42 25  0 17  5  2 13  0]
[3 0 2] [2 0 1] [ 5  1  6 12  9  9 22  2  4 23  0 31 14  5 29  2]
[0 2 1] [0 2 0] [ 1  0  1  9  9  7  9  4  5  7  0  6 16  0  6  0]
[2 0 0] [1 0 0] [ 2  0  2  8 11  6  9  8  4 13  0 14  6  3 10  0]
[0 1 0] [0 0 0] [ 1  2  2 24 17 38 13 41 34 17  0  6 19  2 12  1]
[11, 8, 7, 4, 4, 4, 5]
[0 3 3] [0 2 2] [ 1  1  1 12 10 48 10 37 42 14  1 32 24  2 26  0]
[2 2 0] [2 2 0] [ 2  1  1  9 11  9  5 17 12  6  0  5  3  1  3  0]
[2 0 2] [1 0 1] [ 0  0  1 10 18  0 12  1  1  9  0 16  9  1 15  0]
[0 1 1] [0 1 0] [ 1  0  1 35 28 16 14 17 18 20  0 14 33  0 20  0]
[0 0 1] [0 0 0] [ 4  2  4 28 33  7 23  6  6 24  0 27 31  2 18  1]
[11, 8, 7, 4, 4, 4, 5, 5]
[0 3 3] [0 2 2] [ 1  0  1 15 16 46 11 38 45 20  0 32 28  1 27  1]
[2 2 0] [2 1 0] [ 1  1  1 11 14 18  8 25 17 12  1  7  3  1  6  0]
[2 0 1] [1 0 0] [ 2  1  2 24 35  3 16  2  1 17  1 25 14  1 14  1]
[0 1 0] [0 0 0] [ 1  0  0 43 24 34 19 37 30 23  0 10 29  0 18  0]
[11, 8, 7, 4, 4, 4, 5, 5, 4]
[0 3 3] [0 2 2] [ 0  0  0 19 18 53 13 44 53 22  0 32 32  0 28  0]
[2 2 0] [2 2 0] [ 1  0  0 20 21 19 11 28 16 15  0  4  6  0  4  0]
[2 0 2] [1 0 1] [ 3  1  2 20 27  2 20  2  3 15  1 24 15  2 19  2]
[0 1 1] [0 1 0] [ 2  1  2 37 35 16 20 18 19 33  0 23 37  0 29  0]
[1 0 0] [0 0 0] [ 2  1  1 26 19  9 17  8  8 17  0 18  7  1 15  0]
[11, 8, 7, 4, 4, 4, 5, 5, 4, 5]
[0 3 3] [0 2 2] [ 1  0  2 17 17 46 14 40 46 22  2 36 27  2 31  0]
[2 2 0] [2 2 0] [ 0  0  0 13 15  8  6 14  4  7  0  0  0  0  0  0]
[2 0 2] [1 0 1] [ 3  1  3 20 30  2 28  2  2 17  1 26 18  2 19  1]
[0 1 1] [0 1 0] [ 2  0  0 32 26 15 14 11 16 32  0 15 36  0 26  0]
[1 0 0] [0 0 0] [ 3  1  2 24 23 11 17 10  7 14  1 15  6  1 12  1]
[11, 8, 7, 4, 4, 4, 5, 5, 4, 5, 5]
[3 0 3] [2 0 2] [ 3  1  1 18 20  8 23  2  2 22  1 25  8  1 15  1]
[0 2 2] [0 1 1] [ 3  0  2 12 12 24  8 18 16  8  1  5 21  0  6  0]
[1 1 0] [1 1 0] [ 1  0  0 36 29 24 19 31 21 22  0  8 11  0 13  0]
[1 0 1] [0 0 0] [ 3  2  3 21 36  5 26  2  5 27  0 31 17  1 24  2]
[11, 8, 7, 4, 4, 4, 5, 5, 4, 5, 5, 4]
[0 3 3] [0 2 2] [ 0  0  0  8 10 29  5 22 31  8  0 16 18  0 16  0]
[2 2 0] [2 2 0] [ 3  3  1 25 29 21 10 29 13 15  1  6  6  3  8  1]
[2 0 2] [1 0 1] [ 1  0  0 17 30  2 18  1  1 13  0 19 17  1 15  0]
[0 1 1] [0 1 0] [ 1  0  0 19 15 13  8 12 13 24  0 11 24  0 18  0]
[1 0 0] [0 0 0] [ 1  0  0 29 23  7 25  4  4 14  0 14  4  0 10  1]
[11, 8, 7, 4, 4, 4, 5, 5, 4, 5, 5, 4, 5]
[3 3 0] [3 2 0] [ 0  1  0 15 16 36 12 35 32 25  0 19  9  1 14  0]
[3 0 2] [2 0 1] [ 3  0  2 24 29  5 32  0  0 28  0 31 22  2 34  1]
[0 2 1] [0 2 0] [ 0  0  0  6  4 13  3 10  8 10  0  3 14  0  6  0]
[0 0 2] [0 0 1] [ 1  0  1  8 15  5 14  3  3  6  0 13 21  1 14  0]
[0 1 0] [0 0 0] [ 0  0  0 39 23 24 10 35 24 22  0  4 13  0 12  0]
[11, 8, 7, 4, 4, 4, 5, 5, 4, 5, 5, 4, 5, 5]
[3 0 3] [2 0 2] [ 3  0  1 28 36 11 34  4  2 39  0 42 23  2 35  0]
[0 2 2] [0 1 1] [ 0  0  0  3  3 13  1  9  8  2  0  1 14  0  2  0]
[1 1 0] [1 1 0] [ 1  0  0 47 25 24 16 30 20 19  0  9  7  0 16  0]
[1 0 1] [0 0 0] [ 0  0  0 21 32  2 19  0  0 16  0 23  8  0 20  0]
[11, 8, 7, 4, 4, 4, 5, 5, 4, 5, 5, 4, 5, 5, 4]
[0 3 3] [0 2 2] [ 0  0  0 11  8 42  5 38 45 12  0 22 24  0 18  0]
[2 2 0] [2 1 0] [ 0  0  0 11 11  4  1 10  2  2  0  0  0  0  0  0]
[2 0 1] [1 0 0] [ 1  0  0 37 51  0 32  0  0 33  0 34 19  0 25  0]
[0 1 0] [0 0 0] [ 0  0  0 15  7 17  0 25 16  5  0  0  3  0  3  0]
[11, 8, 7, 4, 4, 4, 5, 5, 4, 5, 5, 4, 5, 5, 4, 4]
[3 3 0] [3 2 0] [ 0  0  0 13  8 32  3 23 18 14  0  7  3  0  7  0]
[3 0 2] [2 0 1] [ 1  0  0 18 23  2 20  0  0 19  0 20 16  0 26  0]
[0 2 1] [0 1 0] [ 0  0  0  2  2  9  1  5  6  2  0  1 11  0  3  0]
[0 0 1] [0 0 0] [ 1  0  2 15 21  6  6  2  3 14  1 13 21  0 18  1]
[11, 8, 7, 4, 4, 4, 5, 5, 4, 5, 5, 4, 5, 5, 4, 4, 4]
[3 3 0] [3 2 0] [ 0  0  0 16 13 43  2 29 28 10  0  8  0  0  3  0]
[3 0 2] [2 0 1] [ 2  0  1 23 35  3 27  0  1 27  0 30 25  1 34  1]
[0 2 1] [0 1 0] [ 1  1  1  3  4 15  0  8 11  3  0  4 16  0  8  0]
[0 0 1] [0 0 0] [ 1  0  0  4  5  2  1  1  1  4  0  5 11  0 10  0]
[11, 8, 7, 4, 4, 4, 5, 5, 4, 5, 5, 4, 5, 5, 4, 4, 4, 4]
[0 3 3]^C
Traceback (most recent call last):
  File "isensor.py", line 233, in <module>
    run(500*ms)
  File "/Library/Python/2.7/site-packages/brian-1.4.1-py2.7-macosx-10.10-intel.egg/brian/network.py", line 929, in run
    report=report, report_period=report_period)
  File "/Library/Python/2.7/site-packages/brian-1.4.1-py2.7-macosx-10.10-intel.egg/brian/network.py", line 565, in run
    self.update()
  File "/Library/Python/2.7/site-packages/brian-1.4.1-py2.7-macosx-10.10-intel.egg/brian/network.py", line 509, in update
    f()
  File "/Library/Python/2.7/site-packages/brian-1.4.1-py2.7-macosx-10.10-intel.egg/brian/network.py", line 712, in __call__
    self.function()
  File "isensor.py", line 173, in reduce_trace
    clip(WEH[i].W + np.dot(TEH[i].W,np.diag(np.repeat(rews,HT/outputs)))*dt*gamma, 0.*mV, 5.*mV, WEH[i].W)
KeyboardInterrupt
~/Documents/reinforce → 
